{
    "name": "Bosworth Field 4v4 NS",
    "description":"4v4 unshared map.  North vs South battle over 4 lanes (1 per player).  Not a lot of metal around the equator to avoid the snowball effect.",
    "version":"1.0",
    "creator":"Grand Homie",
    "players":[8, 8],
    "planets": [
        {
            "name": "Bosworth Field",
            "mass": 10000,
            "position_x": -600,
            "position_y": -17800,
            "velocity_x": 167.45770263671875,
            "velocity_y": -5.644634246826172,
            "required_thrust_to_move": 0,
            "starting_planet": true,
            "respawn": false,
            "start_destroyed": false,
            "min_spawn_delay": 0,
            "max_spawn_delay": 0,
            "planet": {
                "seed": 1058803840,
                "radius": 600,
                "heightRange": 0,
                "waterHeight": 9,
                "waterDepth": 0,
                "temperature": 0,
                "metalDensity": 50,
                "metalClusters": 50,
                "metalSpotLimit": -1,
                "biomeScale": 50,
                "biome": "earth",
                "symmetryType": "terrain and CSG",
                "symmetricalMetal": true,
                "symmetricalStarts": false,
                "numArmies": 2,
                "landingZonesPerArmy": 0,
                "landingZoneSize": 100
            },
            "planetCSG": [
                {
                    "spec": "/pa/terrain/mountain/brushes/mountain_mountain_03.json",
                    "rotation": 0,
                    "op": "BO_Add",
                    "transform": [
                        0.9999884963035583,
                        -0.0007918400224298239,
                        -0.004735202062875032,
                        -2.8385772705078125,
                        -0.0007918400224298239,
                        0.9455938935279846,
                        -0.32534828782081604,
                        -195.0341796875,
                        0.004735202062875032,
                        0.32534828782081604,
                        0.945582389831543,
                        566.8414306640625
                    ],
                    "proj": "BP_Bend",
                    "mirrored": false,
                    "position": [
                        -2.8385772705078125,
                        -195.0341796875,
                        566.8414306640625
                    ],
                    "height": 599.4627685546875,
                    "weightScale": [
                        1,
                        1,
                        1
                    ],
                    "scale": [
                        1,
                        1,
                        1
                    ],
                    "weightHard": false,
                    "weight": [
                        0,
                        0,
                        0,
                        0
                    ],
                    "twinId": 0,
                    "pathable": false,
                    "flooded": false,
                    "no_features": true,
                    "mergeable": false
                },
                {
                    "spec": "/pa/terrain/mountain/brushes/mountain_mountain_03.json",
                    "rotation": 0,
                    "op": "BO_Add",
                    "transform": [
                        0.9999884963035583,
                        -0.0007918400224298239,
                        -0.004735202062875032,
                        -2.8385772705078125,
                        -0.0007918400224298239,
                        0.9455938935279846,
                        -0.32534828782081604,
                        -195.0341796875,
                        -0.004735202062875032,
                        -0.32534828782081604,
                        -0.945582389831543,
                        -566.8414306640625
                    ],
                    "proj": "BP_Bend",
                    "mirrored": true,
                    "position": [
                        -2.8385772705078125,
                        -195.0341796875,
                        566.8414306640625
                    ],
                    "height": 599.4627685546875,
                    "weightScale": [
                        1,
                        1,
                        1
                    ],
                    "scale": [
                        1,
                        1,
                        1
                    ],
                    "weightHard": false,
                    "weight": [
                        0,
                        0,
                        0,
                        0
                    ],
                    "twinId": 0,
                    "pathable": false,
                    "flooded": false,
                    "no_features": true,
                    "mergeable": false
                },
                {
                    "spec": "/pa/terrain/mountain/brushes/mountain_mountain_03.json",
                    "rotation": 0,
                    "op": "BO_Add",
                    "transform": [
                        0.9999814629554749,
                        -0.0018087029457092285,
                        -0.0058138188906013966,
                        -3.480957269668579,
                        -0.0018087029457092285,
                        0.8235117793083191,
                        -0.5672963261604309,
                        -339.66217041015625,
                        0.0058138188906013966,
                        0.5672963261604309,
                        0.823493242263794,
                        493.05712890625
                    ],
                    "proj": "BP_Bend",
                    "mirrored": false,
                    "position": [
                        -3.48095703125,
                        -339.662109375,
                        493.05712890625
                    ],
                    "height": 598.738525390625,
                    "weightScale": [
                        1,
                        1,
                        1
                    ],
                    "scale": [
                        1,
                        1,
                        1
                    ],
                    "weightHard": false,
                    "weight": [
                        0,
                        0,
                        0,
                        0
                    ],
                    "twinId": 0,
                    "pathable": false,
                    "flooded": false,
                    "no_features": true,
                    "mergeable": false
                },
                {
                    "spec": "/pa/terrain/mountain/brushes/mountain_mountain_03.json",
                    "rotation": 0,
                    "op": "BO_Add",
                    "transform": [
                        0.9999814629554749,
                        -0.0018087029457092285,
                        -0.0058138188906013966,
                        -3.480957269668579,
                        -0.0018087029457092285,
                        0.8235117793083191,
                        -0.5672963261604309,
                        -339.66217041015625,
                        -0.0058138188906013966,
                        -0.5672963261604309,
                        -0.823493242263794,
                        -493.05712890625
                    ],
                    "proj": "BP_Bend",
                    "mirrored": true,
                    "position": [
                        -3.48095703125,
                        -339.662109375,
                        493.05712890625
                    ],
                    "height": 598.738525390625,
                    "weightScale": [
                        1,
                        1,
                        1
                    ],
                    "scale": [
                        1,
                        1,
                        1
                    ],
                    "weightHard": false,
                    "weight": [
                        0,
                        0,
                        0,
                        0
                    ],
                    "twinId": 0,
                    "pathable": false,
                    "flooded": false,
                    "no_features": true,
                    "mergeable": false
                },
                {
                    "spec": "/pa/terrain/mountain/brushes/mountain_mountain_03.json",
                    "rotation": 0,
                    "op": "BO_Add",
                    "transform": [
                        0.9999966621398926,
                        -0.0011255141580477357,
                        -0.0023262216709554195,
                        -1.3915098905563354,
                        -0.0011255141580477357,
                        0.62061607837677,
                        -0.7841137647628784,
                        -469.0447692871094,
                        0.0023262216709554195,
                        0.7841137647628784,
                        0.6206127405166626,
                        371.240966796875
                    ],
                    "proj": "BP_Bend",
                    "mirrored": false,
                    "position": [
                        -1.391510009765625,
                        -469.0447998046875,
                        371.240966796875
                    ],
                    "height": 598.1845703125,
                    "weightScale": [
                        1,
                        1,
                        1
                    ],
                    "scale": [
                        1,
                        1,
                        1
                    ],
                    "weightHard": false,
                    "weight": [
                        0,
                        0,
                        0,
                        0
                    ],
                    "twinId": 0,
                    "pathable": false,
                    "flooded": false,
                    "no_features": true,
                    "mergeable": false
                },
                {
                    "spec": "/pa/terrain/mountain/brushes/mountain_mountain_03.json",
                    "rotation": 0,
                    "op": "BO_Add",
                    "transform": [
                        0.9999966621398926,
                        -0.0011255141580477357,
                        -0.0023262216709554195,
                        -1.3915098905563354,
                        -0.0011255141580477357,
                        0.62061607837677,
                        -0.7841137647628784,
                        -469.0447692871094,
                        -0.0023262216709554195,
                        -0.7841137647628784,
                        -0.6206127405166626,
                        -371.240966796875
                    ],
                    "proj": "BP_Bend",
                    "mirrored": true,
                    "position": [
                        -1.391510009765625,
                        -469.0447998046875,
                        371.240966796875
                    ],
                    "height": 598.1845703125,
                    "weightScale": [
                        1,
                        1,
                        1
                    ],
                    "scale": [
                        1,
                        1,
                        1
                    ],
                    "weightHard": false,
                    "weight": [
                        0,
                        0,
                        0,
                        0
                    ],
                    "twinId": 0,
                    "pathable": false,
                    "flooded": false,
                    "no_features": true,
                    "mergeable": false
                },
                {
                    "spec": "/pa/terrain/mountain/brushes/mountain_mountain_03.json",
                    "rotation": 0,
                    "op": "BO_Add",
                    "transform": [
                        0.9999589323997498,
                        -0.005282767117023468,
                        -0.007367062848061323,
                        -4.421165943145752,
                        -0.005282767117023468,
                        0.3208412528038025,
                        -0.94711834192276,
                        -568.3903198242188,
                        0.007367062848061323,
                        0.94711834192276,
                        0.32080018520355225,
                        192.52052307128906
                    ],
                    "proj": "BP_Bend",
                    "mirrored": false,
                    "position": [
                        -4.421165466308594,
                        -568.3902587890625,
                        192.5205078125
                    ],
                    "height": 600.1259765625,
                    "weightScale": [
                        1,
                        1,
                        1
                    ],
                    "scale": [
                        1,
                        1,
                        1
                    ],
                    "weightHard": false,
                    "weight": [
                        0,
                        0,
                        0,
                        0
                    ],
                    "twinId": 0,
                    "pathable": false,
                    "flooded": false,
                    "no_features": true,
                    "mergeable": false
                },
                {
                    "spec": "/pa/terrain/mountain/brushes/mountain_mountain_03.json",
                    "rotation": 0,
                    "op": "BO_Add",
                    "transform": [
                        0.9999589323997498,
                        -0.005282767117023468,
                        -0.007367062848061323,
                        -4.421165943145752,
                        -0.005282767117023468,
                        0.3208412528038025,
                        -0.94711834192276,
                        -568.3903198242188,
                        -0.007367062848061323,
                        -0.94711834192276,
                        -0.32080018520355225,
                        -192.52052307128906
                    ],
                    "proj": "BP_Bend",
                    "mirrored": true,
                    "position": [
                        -4.421165466308594,
                        -568.3902587890625,
                        192.5205078125
                    ],
                    "height": 600.1259765625,
                    "weightScale": [
                        1,
                        1,
                        1
                    ],
                    "scale": [
                        1,
                        1,
                        1
                    ],
                    "weightHard": false,
                    "weight": [
                        0,
                        0,
                        0,
                        0
                    ],
                    "twinId": 0,
                    "pathable": false,
                    "flooded": false,
                    "no_features": true,
                    "mergeable": false
                },
                {
                    "spec": "/pa/terrain/ice/brushes/ice_cliff_03.json",
                    "rotation": 0,
                    "op": "BO_Add",
                    "transform": [
                        0.5309388041496277,
                        0.2503785789012909,
                        0.8095767498016357,
                        484.4929504394531,
                        0.2503785789012909,
                        0.8663512468338013,
                        -0.4321412444114685,
                        -258.6158447265625,
                        -0.8095767498016357,
                        0.4321412444114685,
                        0.39729005098342896,
                        237.7590789794922
                    ],
                    "proj": "BP_Bend",
                    "mirrored": false,
                    "position": [
                        484.492919921875,
                        -258.6158447265625,
                        237.75909423828125
                    ],
                    "height": 598.4521484375,
                    "weightScale": [
                        1,
                        1,
                        1
                    ],
                    "scale": [
                        1,
                        1,
                        1
                    ],
                    "weightHard": false,
                    "weight": [
                        0,
                        0,
                        0,
                        0
                    ],
                    "twinId": 0,
                    "pathable": false,
                    "flooded": false,
                    "no_features": false,
                    "mergeable": false
                },
                {
                    "spec": "/pa/terrain/ice/brushes/ice_cliff_03.json",
                    "rotation": 0,
                    "op": "BO_Add",
                    "transform": [
                        0.5309388041496277,
                        0.2503785789012909,
                        0.8095767498016357,
                        484.4929504394531,
                        0.2503785789012909,
                        0.8663512468338013,
                        -0.4321412444114685,
                        -258.6158447265625,
                        0.8095767498016357,
                        -0.4321412444114685,
                        -0.39729005098342896,
                        -237.75906372070312
                    ],
                    "proj": "BP_Bend",
                    "mirrored": true,
                    "position": [
                        484.492919921875,
                        -258.6158447265625,
                        237.75909423828125
                    ],
                    "height": 598.4521484375,
                    "weightScale": [
                        1,
                        1,
                        1
                    ],
                    "scale": [
                        1,
                        1,
                        1
                    ],
                    "weightHard": false,
                    "weight": [
                        0,
                        0,
                        0,
                        0
                    ],
                    "twinId": 0,
                    "pathable": false,
                    "flooded": false,
                    "no_features": false,
                    "mergeable": false
                },
                {
                    "spec": "/pa/terrain/mountain/brushes/mountain_mountain_03.json",
                    "rotation": 1.5707963705062866,
                    "op": "BO_Add",
                    "transform": [
                        0.0007917986949905753,
                        -0.9455938935279846,
                        0.32534825801849365,
                        195.0341796875,
                        0.9999884963035583,
                        -0.0007918837363831699,
                        -0.004735201597213745,
                        -2.8385772705078125,
                        0.004735216498374939,
                        0.32534828782081604,
                        0.9455823302268982,
                        566.8414306640625
                    ],
                    "proj": "BP_Bend",
                    "mirrored": false,
                    "position": [
                        195.0341796875,
                        -2.8385772705078125,
                        566.8414306640625
                    ],
                    "height": 599.4627685546875,
                    "weightScale": [
                        1,
                        1,
                        1
                    ],
                    "scale": [
                        1,
                        1,
                        1
                    ],
                    "weightHard": false,
                    "weight": [
                        0,
                        0,
                        0,
                        0
                    ],
                    "twinId": 0,
                    "pathable": false,
                    "flooded": false,
                    "no_features": true,
                    "mergeable": false
                },
                {
                    "spec": "/pa/terrain/mountain/brushes/mountain_mountain_03.json",
                    "rotation": 1.5707963705062866,
                    "op": "BO_Add",
                    "transform": [
                        0.0007917986949905753,
                        -0.9455938935279846,
                        0.32534825801849365,
                        195.0341796875,
                        0.9999884963035583,
                        -0.0007918837363831699,
                        -0.004735201597213745,
                        -2.8385772705078125,
                        -0.004735216498374939,
                        -0.32534828782081604,
                        -0.9455823302268982,
                        -566.8414306640625
                    ],
                    "proj": "BP_Bend",
                    "mirrored": true,
                    "position": [
                        195.0341796875,
                        -2.8385772705078125,
                        566.8414306640625
                    ],
                    "height": 599.4627685546875,
                    "weightScale": [
                        1,
                        1,
                        1
                    ],
                    "scale": [
                        1,
                        1,
                        1
                    ],
                    "weightHard": false,
                    "weight": [
                        0,
                        0,
                        0,
                        0
                    ],
                    "twinId": 0,
                    "pathable": false,
                    "flooded": false,
                    "no_features": true,
                    "mergeable": false
                },
                {
                    "spec": "/pa/terrain/mountain/brushes/mountain_mountain_03.json",
                    "rotation": 1.5707963705062866,
                    "op": "BO_Add",
                    "transform": [
                        0.001808666973374784,
                        -0.8235117793083191,
                        0.5672962665557861,
                        339.66217041015625,
                        0.9999814629554749,
                        -0.0018087466014549136,
                        -0.005813818424940109,
                        -3.480957269668579,
                        0.005813843570649624,
                        0.5672963261604309,
                        0.8234931826591492,
                        493.05712890625
                    ],
                    "proj": "BP_Bend",
                    "mirrored": false,
                    "position": [
                        339.662109375,
                        -3.48095703125,
                        493.05712890625
                    ],
                    "height": 598.738525390625,
                    "weightScale": [
                        1,
                        1,
                        1
                    ],
                    "scale": [
                        1,
                        1,
                        1
                    ],
                    "weightHard": false,
                    "weight": [
                        0,
                        0,
                        0,
                        0
                    ],
                    "twinId": 0,
                    "pathable": false,
                    "flooded": false,
                    "no_features": true,
                    "mergeable": false
                },
                {
                    "spec": "/pa/terrain/mountain/brushes/mountain_mountain_03.json",
                    "rotation": 1.5707963705062866,
                    "op": "BO_Add",
                    "transform": [
                        0.001808666973374784,
                        -0.8235117793083191,
                        0.5672962665557861,
                        339.66217041015625,
                        0.9999814629554749,
                        -0.0018087466014549136,
                        -0.005813818424940109,
                        -3.480957269668579,
                        -0.005813843570649624,
                        -0.5672963261604309,
                        -0.8234931826591492,
                        -493.05712890625
                    ],
                    "proj": "BP_Bend",
                    "mirrored": true,
                    "position": [
                        339.662109375,
                        -3.48095703125,
                        493.05712890625
                    ],
                    "height": 598.738525390625,
                    "weightScale": [
                        1,
                        1,
                        1
                    ],
                    "scale": [
                        1,
                        1,
                        1
                    ],
                    "weightHard": false,
                    "weight": [
                        0,
                        0,
                        0,
                        0
                    ],
                    "twinId": 0,
                    "pathable": false,
                    "flooded": false,
                    "no_features": true,
                    "mergeable": false
                },
                {
                    "spec": "/pa/terrain/mountain/brushes/mountain_mountain_03.json",
                    "rotation": 1.5707963705062866,
                    "op": "BO_Add",
                    "transform": [
                        0.00112548703327775,
                        -0.62061607837677,
                        0.7841137051582336,
                        469.0447692871094,
                        0.9999966621398926,
                        -0.0011255578137934208,
                        -0.002326221438124776,
                        -1.3915098905563354,
                        0.0023262558970600367,
                        0.7841137647628784,
                        0.6206126809120178,
                        371.240966796875
                    ],
                    "proj": "BP_Bend",
                    "mirrored": false,
                    "position": [
                        469.0447998046875,
                        -1.391510009765625,
                        371.240966796875
                    ],
                    "height": 598.1845703125,
                    "weightScale": [
                        1,
                        1,
                        1
                    ],
                    "scale": [
                        1,
                        1,
                        1
                    ],
                    "weightHard": false,
                    "weight": [
                        0,
                        0,
                        0,
                        0
                    ],
                    "twinId": 0,
                    "pathable": false,
                    "flooded": false,
                    "no_features": true,
                    "mergeable": false
                },
                {
                    "spec": "/pa/terrain/mountain/brushes/mountain_mountain_03.json",
                    "rotation": 1.5707963705062866,
                    "op": "BO_Add",
                    "transform": [
                        0.00112548703327775,
                        -0.62061607837677,
                        0.7841137051582336,
                        469.0447692871094,
                        0.9999966621398926,
                        -0.0011255578137934208,
                        -0.002326221438124776,
                        -1.3915098905563354,
                        -0.0023262558970600367,
                        -0.7841137647628784,
                        -0.6206126809120178,
                        -371.240966796875
                    ],
                    "proj": "BP_Bend",
                    "mirrored": true,
                    "position": [
                        469.0447998046875,
                        -1.391510009765625,
                        371.240966796875
                    ],
                    "height": 598.1845703125,
                    "weightScale": [
                        1,
                        1,
                        1
                    ],
                    "scale": [
                        1,
                        1,
                        1
                    ],
                    "weightHard": false,
                    "weight": [
                        0,
                        0,
                        0,
                        0
                    ],
                    "twinId": 0,
                    "pathable": false,
                    "flooded": false,
                    "no_features": true,
                    "mergeable": false
                },
                {
                    "spec": "/pa/terrain/mountain/brushes/mountain_mountain_03.json",
                    "rotation": 1.5707963705062866,
                    "op": "BO_Add",
                    "transform": [
                        0.005282753147184849,
                        -0.3208412528038025,
                        0.9471182823181152,
                        568.3903198242188,
                        0.9999589323997498,
                        -0.005282810889184475,
                        -0.007367062382400036,
                        -4.421165943145752,
                        0.0073671042919158936,
                        0.94711834192276,
                        0.32080015540122986,
                        192.52052307128906
                    ],
                    "proj": "BP_Bend",
                    "mirrored": false,
                    "position": [
                        568.3902587890625,
                        -4.421165466308594,
                        192.5205078125
                    ],
                    "height": 600.1259765625,
                    "weightScale": [
                        1,
                        1,
                        1
                    ],
                    "scale": [
                        1,
                        1,
                        1
                    ],
                    "weightHard": false,
                    "weight": [
                        0,
                        0,
                        0,
                        0
                    ],
                    "twinId": 0,
                    "pathable": false,
                    "flooded": false,
                    "no_features": true,
                    "mergeable": false
                },
                {
                    "spec": "/pa/terrain/mountain/brushes/mountain_mountain_03.json",
                    "rotation": 1.5707963705062866,
                    "op": "BO_Add",
                    "transform": [
                        0.005282753147184849,
                        -0.3208412528038025,
                        0.9471182823181152,
                        568.3903198242188,
                        0.9999589323997498,
                        -0.005282810889184475,
                        -0.007367062382400036,
                        -4.421165943145752,
                        -0.0073671042919158936,
                        -0.94711834192276,
                        -0.32080015540122986,
                        -192.52052307128906
                    ],
                    "proj": "BP_Bend",
                    "mirrored": true,
                    "position": [
                        568.3902587890625,
                        -4.421165466308594,
                        192.5205078125
                    ],
                    "height": 600.1259765625,
                    "weightScale": [
                        1,
                        1,
                        1
                    ],
                    "scale": [
                        1,
                        1,
                        1
                    ],
                    "weightHard": false,
                    "weight": [
                        0,
                        0,
                        0,
                        0
                    ],
                    "twinId": 0,
                    "pathable": false,
                    "flooded": false,
                    "no_features": true,
                    "mergeable": false
                },
                {
                    "spec": "/pa/terrain/ice/brushes/ice_cliff_03.json",
                    "rotation": 1.5707963705062866,
                    "op": "BO_Add",
                    "transform": [
                        -0.2503786087036133,
                        -0.8663512468338013,
                        0.4321412146091461,
                        258.6158447265625,
                        0.5309388041496277,
                        0.2503785490989685,
                        0.809576690196991,
                        484.4929504394531,
                        -0.8095767498016357,
                        0.4321412742137909,
                        0.39729002118110657,
                        237.7590789794922
                    ],
                    "proj": "BP_Bend",
                    "mirrored": false,
                    "position": [
                        258.6158447265625,
                        484.492919921875,
                        237.75909423828125
                    ],
                    "height": 598.4521484375,
                    "weightScale": [
                        1,
                        1,
                        1
                    ],
                    "scale": [
                        1,
                        1,
                        1
                    ],
                    "weightHard": false,
                    "weight": [
                        0,
                        0,
                        0,
                        0
                    ],
                    "twinId": 0,
                    "pathable": false,
                    "flooded": false,
                    "no_features": false,
                    "mergeable": false
                },
                {
                    "spec": "/pa/terrain/ice/brushes/ice_cliff_03.json",
                    "rotation": 1.5707963705062866,
                    "op": "BO_Add",
                    "transform": [
                        -0.2503786087036133,
                        -0.8663512468338013,
                        0.4321412146091461,
                        258.6158447265625,
                        0.5309388041496277,
                        0.2503785490989685,
                        0.809576690196991,
                        484.4929504394531,
                        0.8095767498016357,
                        -0.4321412742137909,
                        -0.39729002118110657,
                        -237.75906372070312
                    ],
                    "proj": "BP_Bend",
                    "mirrored": true,
                    "position": [
                        258.6158447265625,
                        484.492919921875,
                        237.75909423828125
                    ],
                    "height": 598.4521484375,
                    "weightScale": [
                        1,
                        1,
                        1
                    ],
                    "scale": [
                        1,
                        1,
                        1
                    ],
                    "weightHard": false,
                    "weight": [
                        0,
                        0,
                        0,
                        0
                    ],
                    "twinId": 0,
                    "pathable": false,
                    "flooded": false,
                    "no_features": false,
                    "mergeable": false
                },
                {
                    "spec": "/pa/terrain/mountain/brushes/mountain_mountain_03.json",
                    "rotation": 3.1415927410125732,
                    "op": "BO_Add",
                    "transform": [
                        -0.9999884963035583,
                        0.0007919274503365159,
                        0.004735202062875032,
                        2.8385772705078125,
                        0.0007917573675513268,
                        -0.9455938935279846,
                        0.32534828782081604,
                        195.0341796875,
                        0.004735230468213558,
                        0.32534828782081604,
                        0.945582389831543,
                        566.8414306640625
                    ],
                    "proj": "BP_Bend",
                    "mirrored": false,
                    "position": [
                        2.8385772705078125,
                        195.0341796875,
                        566.8414306640625
                    ],
                    "height": 599.4627685546875,
                    "weightScale": [
                        1,
                        1,
                        1
                    ],
                    "scale": [
                        1,
                        1,
                        1
                    ],
                    "weightHard": false,
                    "weight": [
                        0,
                        0,
                        0,
                        0
                    ],
                    "twinId": 0,
                    "pathable": false,
                    "flooded": false,
                    "no_features": true,
                    "mergeable": false
                },
                {
                    "spec": "/pa/terrain/mountain/brushes/mountain_mountain_03.json",
                    "rotation": 3.1415927410125732,
                    "op": "BO_Add",
                    "transform": [
                        -0.9999884963035583,
                        0.0007919274503365159,
                        0.004735202062875032,
                        2.8385772705078125,
                        0.0007917573675513268,
                        -0.9455938935279846,
                        0.32534828782081604,
                        195.0341796875,
                        -0.004735230468213558,
                        -0.32534828782081604,
                        -0.945582389831543,
                        -566.8414306640625
                    ],
                    "proj": "BP_Bend",
                    "mirrored": true,
                    "position": [
                        2.8385772705078125,
                        195.0341796875,
                        566.8414306640625
                    ],
                    "height": 599.4627685546875,
                    "weightScale": [
                        1,
                        1,
                        1
                    ],
                    "scale": [
                        1,
                        1,
                        1
                    ],
