{
    "name": "FrozenOreoYoughurt 2v2 NS",
    "description":"FrozenOreoYoughurt modified for 2v2 unshared.  The biggest and coolest looking map this far. This one is a bit of a puzzle. Are you a good macro player? How will you solve it? When are you going to time your naval? FrozenOreoYoughurt can be your best friend but also pretty sour if you are expiring.",
    "version":"1.0",
    "creator":"AndreasG",
    "players":[4, 4],
    "planets": [
        {
            "name": "Hoth 2v2 NS",
            "mass": 10000,
            "position_x": 41700,
            "position_y": -9800,
            "velocity_x": 24.717037200927734,
            "velocity_y": 105.17353057861328,
            "required_thrust_to_move": 0,
            "starting_planet": true,
            "respawn": false,
            "start_destroyed": false,
            "min_spawn_delay": 0,
            "max_spawn_delay": 0,
            "planet": {
                "seed": 1715908224,
                "radius": 670,
                "heightRange": 35,
                "waterHeight": 43,
                "waterDepth": 100,
                "temperature": 0,
                "metalDensity": 0,
                "metalClusters": 0,
                "metalSpotLimit": -1,
                "biomeScale": 50,
                "biome": "earth",
                "symmetryType": "terrain and CSG",
                "symmetricalMetal": true,
                "symmetricalStarts": true,
                "numArmies": 2,
                "landingZonesPerArmy": 1,
                "landingZoneSize": 0
            },
            "planetCSG": [
                {
                    "spec": "/pa/terrain/ice/brushes/ice_cliff_09.json",
                    "rotation": 6.174807071685791,
                    "op": "BO_Add",
                    "transform": [
                        0.6459340453147888,
                        0.3684455156326294,
                        0.6685934662818909,
                        448.7050476074219,
                        0.21639589965343475,
                        0.7515220046043396,
                        -0.6232073903083801,
                        -418.2456359863281,
                        -0.7320806980133057,
                        0.5472317337989807,
                        0.4057035446166992,
                        272.2749328613281
                    ],
                    "mirrored": false,
                    "proj": "BP_Bend",
                    "height": 671.117919921875,
                    "position": [
                        448.7050476074219,
                        -418.2456359863281,
                        272.2749328613281
                    ],
                    "weightScale": [
                        1,
                        1,
                        1
                    ],
                    "scale": [
                        1,
                        1,
                        1
                    ],
                    "weight": [
                        1,
                        1,
                        1,
                        1
                    ],
                    "weightHard": false,
                    "no_features": false,
                    "pathable": false,
                    "flooded": false,
                    "twinId": 0,
                    "mergeable": false
                },
                {
                    "spec": "/pa/terrain/ice/brushes/ice_cliff_09.json",
                    "rotation": 1.4110099077224731,
                    "op": "BO_Add",
                    "transform": [
                        0.25962498784065247,
                        -0.8530164361000061,
                        0.4527226388454437,
                        303.2403259277344,
                        0.8832463622093201,
                        0.02019169181585312,
                        -0.46847444772720337,
                        -313.7911376953125,
                        0.39047518372535706,
                        0.5214932560920715,
                        0.758665919303894,
                        508.1656799316406
                    ],
                    "mirrored": false,
                    "proj": "BP_Bend",
                    "height": 669.8148193359375,
                    "position": [
                        303.24029541015625,
                        -313.7911071777344,
                        508.1656494140625
                    ],
                    "weightScale": [
                        1,
                        1,
                        1
                    ],
                    "scale": [
                        1,
                        1,
                        1
                    ],
                    "weight": [
                        1,
                        1,
                        1,
                        1
                    ],
                    "weightHard": false,
                    "no_features": false,
                    "pathable": false,
                    "flooded": false,
                    "twinId": 0,
                    "mergeable": false
                },
                {
                    "spec": "/pa/terrain/ice/brushes/ice_cliff_10.json",
                    "rotation": 4.647688865661621,
                    "op": "BO_Add",
                    "transform": [
                        -0.2531448006629944,
                        0.8620691299438477,
                        0.4390382468700409,
                        297.2826843261719,
                        -0.6971033215522766,
                        0.15212514996528625,
                        -0.7006460428237915,
                        -474.4232482910156,
                        -0.6707941293716431,
                        -0.4834199547767639,
                        0.5624414682388306,
                        380.841796875
                    ],
                    "mirrored": false,
                    "proj": "BP_Bend",
                    "height": 677.1224975585938,
                    "position": [
                        297.2826843261719,
                        -474.4232177734375,
                        380.841796875
                    ],
                    "weightScale": [
                        1,
                        1,
                        1
                    ],
                    "scale": [
                        1,
                        1,
                        1
                    ],
                    "weight": [
                        1,
                        1,
                        1,
                        1
                    ],
                    "weightHard": false,
                    "no_features": false,
                    "pathable": false,
                    "flooded": false,
                    "twinId": 0,
                    "mergeable": false
                },
                {
                    "spec": "/pa/terrain/ice/brushes/ice_cliff_11.json",
                    "rotation": 1.5181279182434082,
                    "op": "BO_Add",
                    "transform": [
                        0.26427966356277466,
                        -0.36090782284736633,
                        -0.8943724036216736,
                        -598.058349609375,
                        0.9157716035842896,
                        -0.19697673618793488,
                        0.3500893712043762,
                        234.1014404296875,
                        -0.3025205135345459,
                        -0.9115623235702515,
                        0.27845215797424316,
                        186.19830322265625
                    ],
                    "mirrored": false,
                    "proj": "BP_Bend",
                    "height": 668.6904907226562,
                    "position": [
                        -598.0582275390625,
                        234.10140991210938,
                        186.19830322265625
                    ],
                    "weightScale": [
                        1,
                        1,
                        1
                    ],
                    "scale": [
                        1,
                        1,
                        1
                    ],
                    "weight": [
                        1,
                        1,
                        1,
                        1
                    ],
                    "weightHard": false,
                    "no_features": false,
                    "pathable": false,
                    "flooded": false,
                    "twinId": 0,
                    "mergeable": false
                },
                {
                    "spec": "/pa/terrain/ice/brushes/ice_cliff_11.json",
                    "rotation": 3.6699464321136475,
                    "op": "BO_Add",
                    "transform": [
                        -0.4255257844924927,
                        0.42124661803245544,
                        0.8009239435195923,
                        532.6685791015625,
                        -0.34843572974205017,
                        -0.8930831551551819,
                        0.28459617495536804,
                        189.27569580078125,
                        0.8351768851280212,
                        -0.15796750783920288,
                        0.5268073081970215,
                        350.36248779296875
                    ],
                    "mirrored": false,
                    "proj": "BP_Bend",
                    "height": 665.067626953125,
                    "position": [
                        532.6685180664062,
                        189.27569580078125,
                        350.3625183105469
                    ],
                    "weightScale": [
                        1,
                        1,
                        1
                    ],
                    "scale": [
                        1,
                        1,
                        1
                    ],
                    "weight": [
                        1,
                        1,
                        1,
                        1
                    ],
                    "weightHard": false,
                    "no_features": false,
                    "pathable": false,
                    "flooded": false,
                    "twinId": 0,
                    "mergeable": false
                },
                {
                    "spec": "/pa/terrain/ice/brushes/ice_cliff_06.json",
                    "rotation": 4.870013236999512,
                    "op": "BO_Add",
                    "transform": [
                        0.02517203986644745,
                        0.6177629232406616,
                        0.7859613299369812,
                        525.1621704101562,
                        -0.9629768133163452,
                        0.22607512772083282,
                        -0.14685294032096863,
                        -98.1239242553711,
                        -0.26840662956237793,
                        -0.7531659007072449,
                        0.6005821824073792,
                        401.2958984375
                    ],
                    "mirrored": false,
                    "proj": "BP_Bend",
                    "height": 668.1781616210938,
                    "position": [
                        525.1621704101562,
                        -98.12391662597656,
                        401.2958068847656
                    ],
                    "weightScale": [
                        1,
                        1,
                        1
                    ],
                    "scale": [
                        1,
                        1,
                        1
                    ],
                    "weight": [
                        1,
                        1,
                        1,
                        1
                    ],
                    "weightHard": false,
                    "no_features": false,
                    "pathable": false,
                    "flooded": false,
                    "twinId": 0,
                    "mergeable": false
                },
                {
                    "spec": "/pa/terrain/ice/brushes/ice_cliff_07.json",
                    "rotation": 1.6588002443313599,
                    "op": "BO_Add",
                    "transform": [
                        -0.20132392644882202,
                        -0.9574180245399475,
                        -0.2069285362958908,
                        -139.2021484375,
                        0.5343559980392456,
                        0.06970201432704926,
                        -0.8423807621002197,
                        -566.6749267578125,
                        0.8209338188171387,
                        -0.280164897441864,
                        0.49756938219070435,
                        334.7181091308594
                    ],
                    "mirrored": false,
                    "proj": "BP_Bend",
                    "height": 672.7064208984375,
                    "position": [
                        -139.2021484375,
                        -566.6749267578125,
                        334.7181091308594
                    ],
                    "weightScale": [
                        1,
                        1,
                        1
                    ],
                    "scale": [
                        1,
                        1,
                        1
                    ],
                    "weight": [
                        1,
                        1,
                        1,
                        1
                    ],
                    "weightHard": false,
                    "no_features": false,
                    "pathable": false,
                    "flooded": false,
                    "twinId": 0,
                    "mergeable": false
                },
                {
                    "spec": "/pa/terrain/ice/brushes/ice_cliff_04.json",
                    "rotation": 1.3968206644058228,
                    "op": "BO_Add",
                    "transform": [
                        0.38915836811065674,
                        -0.6257413625717163,
                        0.6760203242301941,
                        453.46539306640625,
                        0.7971028685569763,
                        -0.13909000158309937,
                        -0.5876061320304871,
                        -394.1583251953125,
                        0.4617171287536621,
                        0.7675296068191528,
                        0.444652259349823,
                        298.26678466796875
                    ],
                    "mirrored": false,
                    "proj": "BP_Bend",
                    "height": 670.78662109375,
                    "position": [
                        453.4653625488281,
                        -394.1582946777344,
                        298.2667541503906
                    ],
                    "weightScale": [
                        1,
                        1,
                        1
                    ],
                    "scale": [
                        1,
                        1,
                        1
                    ],
                    "weight": [
                        1,
                        1,
                        1,
                        1
                    ],
                    "weightHard": false,
                    "no_features": false,
                    "pathable": false,
                    "flooded": false,
                    "twinId": 0,
                    "mergeable": false
                },
                {
                    "spec": "/pa/terrain/ice/brushes/ice_cliff_03.json",
                    "rotation": 2.4238245487213135,
                    "op": "BO_Add",
                    "transform": [
                        -0.6725825667381287,
                        -0.7021788954734802,
                        0.23361824452877045,
                        157.5850830078125,
                        0.43616676330566406,
                        -0.6311749815940857,
                        -0.6413865089416504,
                        -432.6415100097656,
                        0.5978220701217651,
                        -0.3294888734817505,
                        0.7307844161987305,
                        492.9440612792969
                    ],
                    "mirrored": false,
                    "proj": "BP_Bend",
                    "height": 674.541015625,
                    "position": [
                        157.58509826660156,
                        -432.6415100097656,
                        492.9440612792969
                    ],
                    "weightScale": [
                        1,
                        1,
                        1
                    ],
                    "scale": [
                        1,
                        1,
                        1
                    ],
                    "weight": [
                        1,
                        1,
                        1,
                        1
                    ],
                    "weightHard": false,
                    "no_features": false,
                    "pathable": false,
                    "flooded": false,
                    "twinId": 0,
                    "mergeable": false
                },
                {
                    "spec": "/pa/terrain/ice/brushes/ice_cliff_04.json",
                    "rotation": 1.9294804334640503,
                    "op": "BO_Add",
                    "transform": [
                        -0.21254600584506989,
                        -0.9483133554458618,
                        0.23563949763774872,
                        161.90354919433594,
                        0.4409237205982208,
                        -0.30828073620796204,
                        -0.8429408073425293,
                        -579.1690673828125,
                        0.8720151782035828,
                        -0.07526464760303497,
                        0.48365771770477295,
                        332.3122863769531
                    ],
                    "mirrored": false,
                    "proj": "BP_Bend",
                    "height": 687.08154296875,
                    "position": [
                        161.90354919433594,
                        -579.1690673828125,
                        332.31231689453125
                    ],
                    "weightScale": [
                        1,
                        1,
                        1
                    ],
                    "scale": [
                        1,
                        1,
                        1
                    ],
                    "weight": [
                        1,
                        1,
                        1,
                        1
                    ],
                    "weightHard": false,
                    "no_features": false,
                    "pathable": false,
                    "flooded": false,
                    "twinId": 0,
                    "mergeable": false
                },
                {
                    "spec": "/pa/terrain/ice/brushes/ice_cliff_04.json",
                    "rotation": 0.9166262149810791,
                    "op": "BO_Add",
                    "transform": [
                        -0.019470930099487305,
                        -0.6443684101104736,
                        -0.7644673585891724,
                        -524.3599853515625,
                        0.28221237659454346,
                        0.7299781441688538,
                        -0.6224854588508606,
                        -426.972412109375,
                        0.9591543674468994,
                        -0.22786256670951843,
                        0.16763544082641602,
                        114.9837417602539
                    ],
                    "mirrored": false,
                    "proj": "BP_Bend",
                    "height": 685.9154663085938,
                    "position": [
                        -524.3599243164062,
                        -426.972412109375,
                        114.9837646484375
                    ],
                    "weightScale": [
                        1,
                        1,
                        1
                    ],
                    "scale": [
                        1,
                        1,
                        1
                    ],
                    "weight": [
                        1,
                        1,
                        1,
                        1
                    ],
                    "weightHard": false,
                    "no_features": false,
                    "pathable": false,
                    "flooded": false,
                    "twinId": 0,
                    "mergeable": false
                },
                {
                    "spec": "/pa/terrain/ice/brushes/ice_cliff_01.json",
                    "rotation": 2.192932605743408,
                    "op": "BO_Add",
                    "transform": [
                        -0.5107758641242981,
                        -0.8333463668823242,
                        -0.211286261677742,
                        -143.28558349609375,
                        0.6104122400283813,
                        -0.5245997309684753,
                        0.5934576392173767,
                        402.4583740234375,
                        -0.6053965091705322,
                        0.17415210604667664,
                        0.7766377329826355,
                        526.6835327148438
                    ],
                    "mirrored": false,
                    "proj": "BP_Bend",
                    "height": 678.1585693359375,
                    "position": [
                        -143.28558349609375,
                        402.4583740234375,
                        526.6834716796875
                    ],
                    "weightScale": [
                        1,
                        1,
                        1
                    ],
                    "scale": [
                        1,
                        1,
                        1
                    ],
                    "weight": [
                        1,
                        1,
                        1,
                        1
                    ],
                    "weightHard": false,
                    "no_features": false,
                    "pathable": false,
                    "flooded": false,
                    "twinId": 0,
                    "mergeable": false
                },
                {
                    "spec": "/pa/terrain/ice/brushes/ice_cliff_04.json",
                    "rotation": 2.3333945274353027,
                    "op": "BO_Add",
                    "transform": [
                        -0.5290932655334473,
                        -0.4224321246147156,
                        0.7359424829483032,
                        494.90667724609375,
                        0.7676354050636292,
                        -0.6079079508781433,
                        0.2029382437467575,
                        136.471923828125,
                        0.36165761947631836,
                        0.6723088026046753,
                        0.6459137201309204,
                        434.3641357421875
                    ],
                    "mirrored": false,
                    "proj": "BP_Bend",
                    "height": 672.4800415039062,
                    "position": [
                        494.9067077636719,
                        136.47193908691406,
                        434.3641357421875
                    ],
                    "weightScale": [
                        1,
                        1,
                        1
                    ],
                    "scale": [
                        1,
                        1,
                        1
                    ],
                    "weight": [
                        1,
                        1,
                        1,
                        1
                    ],
                    "weightHard": false,
                    "no_features": false,
                    "pathable": false,
                    "flooded": false,
                    "twinId": 0,
                    "mergeable": false
                },
                {
                    "spec": "/pa/terrain/ice/brushes/ice_cliff_01.json",
                    "rotation": 3.0556089878082275,
                    "op": "BO_Add",
                    "transform": [
                        -0.9870786070823669,
                        -0.041955020278692245,
                        0.15464693307876587,
                        104.73324584960938,
                        0.11645783483982086,
                        -0.8507388830184937,
                        0.5125241279602051,
                        347.10235595703125,
                        0.11006119847297668,
                        0.5239114761352539,
                        0.844632089138031,
                        572.01953125
                    ],
                    "mirrored": false,
                    "proj": "BP_Bend",
                    "height": 677.2410278320312,
                    "position": [
                        104.73323822021484,
                        347.102294921875,
                        572.01953125
                    ],
                    "weightScale": [
                        1,
                        1,
                        1
                    ],
                    "scale": [
                        1,
                        1,
                        1
                    ],
                    "weight": [
                        1,
                        1,
                        1,
                        1
                    ],
                    "weightHard": false,
                    "no_features": false,
                    "pathable": false,
                    "flooded": false,
                    "twinId": 0,
                    "mergeable": false
                },
                {
                    "spec": "/pa/terrain/ice/brushes/ice_cliff_03.json",
                    "rotation": 2.446467161178589,
                    "op": "BO_Add",
                    "transform": [
                        -0.47286826372146606,
                        -0.4240148365497589,
                        -0.7724034190177917,
                        -519.1303100585938,
                        0.6220871210098267,
                        -0.7814662456512451,
                        0.0481458380818367,
                        32.35868835449219,
                        -0.6240217089653015,
                        -0.4577356278896332,
                        0.6333048343658447,
                        425.6424865722656
                    ],
                    "mirrored": false,
                    "proj": "BP_Bend",
                    "height": 672.0973510742188,
                    "position": [
                        -519.1303100585938,
                        32.35868835449219,
                        425.6424560546875
                    ],
                    "weightScale": [
                        1,
                        1,
                        1
                    ],
                    "scale": [
                        1,
                        1,
                        1
                    ],
                    "weight": [
                        1,
                        1,
                        1,
                        1
                    ],
                    "weightHard": false,
                    "no_features": false,
                    "pathable": false,
                    "flooded": false,
                    "twinId": 0,
                    "mergeable": false
                },
                {
                    "spec": "/pa/terrain/ice/brushes/ice_cliff_01.json",
                    "rotation": 2.8095474243164062,
                    "op": "BO_Add",
                    "transform": [
                        -0.3109927177429199,
                        -0.17466996610164642,
                        0.9342237114906311,
                        628.7628173828125,
                        0.26366573572158813,
                        -0.960239589214325,
                        -0.09176269173622131,
                        -61.7592658996582,
                        0.9131067991256714,
                        0.2177852839231491,
                        0.3446819484233856,
                        231.98211669921875
                    ],
                    "mirrored": false,
                    "proj": "BP_Bend",
                    "height": 673.0323486328125,
                    "position": [
                        628.7626342773438,
                        -61.75925064086914,
                        231.98211669921875
                    ],
                    "weightScale": [
                        1,
                        1,
                        1
                    ],
                    "scale": [
                        1,
                        1,
                        1
                    ],
                    "weight": [
                        1,
                        1,
                        1,
                        1
                    ],
                    "weightHard": false,
                    "no_features": false,
                    "pathable": false,
                    "flooded": false,
                    "twinId": 0,
                    "mergeable": false
                },
                {
                    "spec": "/pa/terrain/ice/brushes/ice_cliff_02.json",
                    "rotation": 1.9593721628189087,
                    "op": "BO_Add",
                    "transform": [
                        0.13622577488422394,
                        -0.6380917429924011,
                        0.757813572883606,
                        503.70306396484375,
                        0.5145426988601685,
                        -0.6081041097640991,
                        -0.6045289039611816,
                        -401.8179016113281,
                        0.8465744256973267,
                        0.4722798466682434,
                        0.24548602104187012,
                        163.16949462890625
                    ],
                    "mirrored": false,
                    "proj": "BP_Bend",
                    "height": 664.6793823242188,
                    "position": [
                        503.703125,
                        -401.8179626464844,
                        163.1695098876953
                    ],
                    "weightScale": [
                        1,
                        1,
                        1
                    ],
                    "scale": [
                        1,
                        1,
                        1
                    ],
                    "weight": [
                        1,
                        1,
                        1,
                        1
                    ],
                    "weightHard": false,
                    "no_features": false,
                    "pathable": false,
                    "flooded": false,
                    "twinId": 0,
                    "mergeable": false
                },
                {
                    "spec": "/pa/terrain/ice/brushes/ice_cliff_04.json",
                    "rotation": 4.437467098236084,
                    "op": "BO_Add",
                    "transform": [
                        -0.12226071208715439,
                        0.47134897112846375,
                        0.873431384563446,
                        586.7431640625,
                        -0.9594547748565674,
                        -0.28131791949272156,
                        0.01751171238720417,
                        11.763806343078613,
                        0.2539660334587097,
                        -0.8358769416809082,
                        0.48663216829299927,
                        326.90386962890625
                    ],
                    "mirrored": false,
                    "proj": "BP_Bend",
                    "height": 671.7678833007812,
                    "position": [
                        586.7431640625,
                        11.76380729675293,
                        326.9039001464844
                    ],
                    "weightScale": [
                        1,
                        1,
                        1
                    ],
                    "scale": [
                        1,
                        1,
                        1
                    ],
                    "weight": [
                        1,
                        1,
                        1,
                        1
                    ],
                    "weightHard": false,
                    "no_features": false,
                    "pathable": false,
                    "flooded": false,
                    "twinId": 0,
                    "mergeable": false
                },
                {
                    "spec": "/pa/terrain/ice/brushes/ice_cliff_03.json",
                    "rotation": 5.984892845153809,
                    "op": "BO_Add",
                    "transform": [
                        0.3339904546737671,
                        -0.32418105006217957,
                        -0.8850744366645813,
                        -599.3418579101562,
                        -0.6208437085151672,
                        0.6308717727661133,
                        -0.46535345911979675,
                        -315.1213073730469,
                        0.7092272639274597,
                        0.7049164772033691,
                        0.009439408779144287,
                        6.3920416831970215
                    ],
                    "mirrored": false,
                    "proj": "BP_Bend",
                    "height": 677.1654663085938,
                    "position": [
                        -599.3419189453125,
                        -315.121337890625,
                        6.39190673828125
                    ],
                    "weightScale": [
                        1,
                        1,
                        1
                    ],
                    "scale": [
                        1,
                        1,
                        1
                    ],
                    "weight": [
                        1,
                        1,
                        1,
                        1
                    ],
                    "weightHard": false,
                    "no_features": false,
                    "pathable": false,
                    "flooded": false,
                    "twinId": 0,
                    "mergeable": false
                },
                {
                    "spec": "/pa/terrain/ice/brushes/ice_cliff_03.json",
                    "rotation": 1.2724026441574097,
                    "op": "BO_Add",
                    "transform": [
                        -0.21037131547927856,
                        -0.7693618535995483,
                        -0.6031799912452698,
                        -412.12652587890625,
                        0.2957759499549866,
                        0.5379832983016968,
                        -0.7893608212471008,
                        -539.3357543945312,
                        0.9318049550056458,
                        -0.3444650173187256,
                        0.11438250541687012,
                        78.1525650024414
                    ],
                    "mirrored": false,
                    "proj": "BP_Bend",
                    "height": 683.2562866210938,
                    "position": [
                        -412.12652587890625,
                        -539.3357543945312,
                        78.15262603759766
                    ],
                    "weightScale": [
                        1,
                        1,
                        1
                    ],
                    "scale": [
                        1,
                        1,
                        1
                    ],
                    "weight": [
                        1,
                        1,
                        1,
                        1
                    ],
                    "weightHard": false,
                    "no_features": false,
                    "pathable": false,
                    "flooded": false,
                    "twinId": 0,
                    "mergeable": false
                },
                {
                    "spec": "/pa/terrain/ice/brushes/ice_cliff_01.json",
                    "rotation": 6.281397819519043,
                    "op": "BO_Add",
                    "transform": [
                        0.9928548336029053,
                        0.04910033196210861,
                        0.10875841230154037,
                        73.52439880371094,
                        0.046105120331048965,
                        0.6827980875968933,
                        -0.7291509509086609,
                        -492.930908203125,
                        -0.11006158590316772,
                        0.7289553284645081,
                        0.6756556034088135,
                        456.7662353515625
                    ],
                    "mirrored": false,
                    "proj": "BP_Bend",
                    "height": 676.0341186523438,
                    "position": [
                        73.52440643310547,
                        -492.9309997558594,
                        456.7662353515625
                    ],
                    "weightScale": [
                        1,
                        1,
                        1
                    ],
                    "scale": [
                        1,
                        1,
                        1
                    ],
                    "weight": [
                        1,
                        1,
                        1,
                        1
                    ],
                    "weightHard": false,
                    "no_features": false,
                    "pathable": false,
                    "flooded": false,
                    "twinId": 0,
                    "mergeable": false
                },
                {
                    "spec": "/pa/terrain/ice/brushes/ice_cliff_03.json",
                    "rotation": 0.8251468539237976,
                    "op": "BO_Add",
                    "transform": [
                        0.35172462463378906,
                        -0.17773520946502686,
                        0.9190756678581238,
                        616.0877685546875,
                        0.8060261011123657,
                        0.5567818880081177,
                        -0.20078812539577484,
                        -134.59512329101562,
                        -0.4760375916957855,
                        0.8114210367202759,
                        0.3390931487083435,
                        227.3057098388672
                    ],
                    "mirrored": false,
                    "proj": "BP_Bend",
                    "height": 670.3341064453125,
                    "position": [
                        616.0877075195312,
                        -134.59512329101562,
                        227.3057098388672
                    ],
                    "weightScale": [
                        1,
                        1,
                        1
                    ],
                    "scale": [
                        1,
