{
    "name": "Love Triangle 4v4v4 NS",
    "description":"4v4v4 unshared map.  Not a lot of metal near the spawns so expansion (and raiding) is key.",
    "version":"1.1",
    "creator":"Grand Homie",
    "players":[12, 12],
    "planets": [
        {
            "name": "Love Triangle 4v4v4",
            "mass": 5000,
            "position_x": 3044.928466796875,
            "position_y": -27404.357421875,
            "velocity_x": 133.83770751953125,
            "velocity_y": 14.870862007141113,
            "required_thrust_to_move": 3,
            "starting_planet": true,
            "respawn": false,
            "start_destroyed": false,
            "min_spawn_delay": 0,
            "max_spawn_delay": 0,
            "planet": {
                "seed": 154406784,
                "radius": 700,
                "heightRange": 0,
                "waterHeight": 0,
                "waterDepth": 0,
                "temperature": 0,
                "metalDensity": 25,
                "metalClusters": 25,
                "metalSpotLimit": -1,
                "biomeScale": 50,
                "biome": "moon",
                "symmetryType": "terrain and CSG",
                "symmetricalMetal": true,
                "symmetricalStarts": false,
                "numArmies": 2,
                "landingZonesPerArmy": 0,
                "landingZoneSize": 90
            },
            "planetCSG": [
                {
                    "spec": "/pa/terrain/metal/brushes/metal_structure_09.json",
                    "rotation": 0,
                    "weight": [
                        0,
                        0,
                        0,
                        0
                    ],
                    "weightHard": false,
                    "transform": [
                        0.25771045684814453,
                        0.00031790800858289003,
                        -0.9662221074104309,
                        -677.4493408203125,
                        0.00031790800858289003,
                        0.9999998807907104,
                        0.000413813948398456,
                        0.29013824462890625,
                        0.9662221074104309,
                        -0.000413813948398456,
                        0.257710337638855,
                        180.68898010253906
                    ],
                    "op": "BO_Add",
                    "position": [
                        -677.4493408203125,
                        0.29013824462890625,
                        180.68885803222656
                    ],
                    "height": 701.132080078125,
                    "scale": [
                        1,
                        1,
                        1
                    ],
                    "weightScale": [
                        1,
                        1,
                        1
                    ],
                    "proj": "BP_Bend",
                    "mirrored": false,
                    "no_features": false,
                    "pathable": false,
                    "flooded": false,
                    "twinId": 0,
                    "mergeable": false
                },
                {
                    "spec": "/pa/terrain/metal/brushes/metal_structure_09.json",
                    "rotation": 0,
                    "weight": [
                        0,
                        0,
                        0,
                        0
                    ],
                    "weightHard": false,
                    "transform": [
                        0.25771045684814453,
                        0.00031790800858289003,
                        -0.9662221074104309,
                        -677.4493408203125,
                        0.00031790800858289003,
                        0.9999998807907104,
                        0.000413813948398456,
                        0.29013824462890625,
                        -0.9662221074104309,
                        0.000413813948398456,
                        -0.257710337638855,
                        -180.68898010253906
                    ],
                    "op": "BO_Add",
                    "position": [
                        -677.4493408203125,
                        0.29013824462890625,
                        180.68885803222656
                    ],
                    "height": 701.132080078125,
                    "scale": [
                        1,
                        1,
                        1
                    ],
                    "weightScale": [
                        1,
                        1,
                        1
                    ],
                    "proj": "BP_Bend",
                    "mirrored": true,
                    "no_features": false,
                    "pathable": false,
                    "flooded": false,
                    "twinId": 0,
                    "mergeable": false
                },
                {
                    "spec": "/pa/terrain/metal/brushes/metal_structure_09.json",
                    "rotation": -1.3099993467330933,
                    "weight": [
                        0,
                        0,
                        0,
                        0
                    ],
                    "weightHard": false,
                    "transform": [
                        0.2584872841835022,
                        0.0015619993209838867,
                        -0.966013491153717,
                        -676.0243530273438,
                        -0.9660144448280334,
                        -0.00026519596576690674,
                        -0.2584879994392395,
                        -180.89207458496094,
                        -0.000659942626953125,
                        0.9999988079071045,
                        0.0014403462409973145,
                        1.00796639919281
                    ],
                    "op": "BO_Add",
                    "position": [
                        -676.0242919921875,
                        -180.89207458496094,
                        1.008087158203125
                    ],
                    "height": 699.8084106445312,
                    "scale": [
                        1,
                        1,
                        1
                    ],
                    "weightScale": [
                        1,
                        1,
                        1
                    ],
                    "proj": "BP_Bend",
                    "mirrored": false,
                    "no_features": false,
                    "pathable": false,
                    "flooded": false,
                    "twinId": 0,
                    "mergeable": false
                },
                {
                    "spec": "/pa/terrain/metal/brushes/metal_structure_09.json",
                    "rotation": 1.2999993562698364,
                    "weight": [
                        0,
                        0,
                        0,
                        0
                    ],
                    "weightHard": false,
                    "transform": [
                        0.25767460465431213,
                        0.0011270567774772644,
                        -0.9662311673164368,
                        -676.9857788085938,
                        0.9661781191825867,
                        0.010239318013191223,
                        0.25767242908477783,
                        180.53709411621094,
                        0.010183975100517273,
                        -0.9999470114707947,
                        0.0015494823455810547,
                        1.085638165473938
                    ],
                    "op": "BO_Add",
                    "position": [
                        -676.9857177734375,
                        180.53707885742188,
                        1.085662841796875
                    ],
                    "height": 700.645751953125,
                    "scale": [
                        1,
                        1,
                        1
                    ],
                    "weightScale": [
                        1,
                        1,
                        1
                    ],
                    "proj": "BP_Bend",
                    "mirrored": false,
                    "no_features": false,
                    "pathable": false,
                    "flooded": false,
                    "twinId": 0,
                    "mergeable": false
                },
                {
                    "spec": "/pa/terrain/metal/brushes/metal_structure_05.json",
                    "rotation": -1.569999098777771,
                    "weight": [
                        0,
                        0,
                        0,
                        0
                    ],
                    "weightHard": false,
                    "transform": [
                        0.0006920495652593672,
                        0.9696019887924194,
                        -0.24468648433685303,
                        -170.6686248779297,
                        -0.9999994039535522,
                        0.0008781722281128168,
                        0.0006515619461424649,
                        0.454463928937912,
                        0.0008466326980851591,
                        0.24468588829040527,
                        0.9696020483970642,
                        676.296630859375
                    ],
                    "op": "BO_Add",
                    "position": [
                        -170.66864013671875,
                        0.4544639587402344,
                        676.296630859375
                    ],
                    "height": 697.4992065429688,
                    "scale": [
                        1,
                        1,
                        1
                    ],
                    "weightScale": [
                        1,
                        1,
                        1
                    ],
                    "proj": "BP_Bend",
                    "mirrored": false,
                    "no_features": false,
                    "pathable": false,
                    "flooded": false,
                    "twinId": 0,
                    "mergeable": false
                },
                {
                    "spec": "/pa/terrain/metal/brushes/metal_structure_05.json",
                    "rotation": -1.569999098777771,
                    "weight": [
                        0,
                        0,
                        0,
                        0
                    ],
                    "weightHard": false,
                    "transform": [
                        0.0006920495652593672,
                        0.9696019887924194,
                        -0.24468648433685303,
                        -170.6686248779297,
                        -0.9999994039535522,
                        0.0008781722281128168,
                        0.0006515619461424649,
                        0.4544638991355896,
                        -0.0008466326980851591,
                        -0.24468588829040527,
                        -0.9696020483970642,
                        -676.296630859375
                    ],
                    "op": "BO_Add",
                    "position": [
                        -170.66864013671875,
                        0.4544639587402344,
                        676.296630859375
                    ],
                    "height": 697.4992065429688,
                    "scale": [
                        1,
                        1,
                        1
                    ],
                    "weightScale": [
                        1,
                        1,
                        1
                    ],
                    "proj": "BP_Bend",
                    "mirrored": true,
                    "no_features": false,
                    "pathable": false,
                    "flooded": false,
                    "twinId": 0,
                    "mergeable": false
                },
                {
                    "spec": "/pa/terrain/metal/brushes/metal_structure_09.json",
                    "rotation": 2.094395160675049,
                    "weight": [
                        0,
                        0,
                        0,
                        0
                    ],
                    "weightHard": false,
                    "transform": [
                        -0.12913063168525696,
                        -0.8661842346191406,
                        0.48275265097618103,
                        338.473388671875,
                        0.22302475571632385,
                        -0.4997245967388153,
                        -0.8369798064231873,
                        -586.8334350585938,
                        0.9662221670150757,
                        -0.0004139244556427002,
                        0.25771018862724304,
                        180.68890380859375
                    ],
                    "op": "BO_Add",
                    "position": [
                        338.473388671875,
                        -586.8334350585938,
                        180.68885803222656
                    ],
                    "height": 701.132080078125,
                    "scale": [
                        1,
                        1,
                        1
                    ],
                    "weightScale": [
                        1,
                        1,
                        1
                    ],
                    "proj": "BP_Bend",
                    "mirrored": false,
                    "no_features": false,
                    "pathable": false,
                    "flooded": false,
                    "twinId": 0,
                    "mergeable": false
                },
                {
                    "spec": "/pa/terrain/metal/brushes/metal_structure_09.json",
                    "rotation": 2.094395160675049,
                    "weight": [
                        0,
                        0,
                        0,
                        0
                    ],
                    "weightHard": false,
                    "transform": [
                        -0.12913063168525696,
                        -0.8661842346191406,
                        0.48275265097618103,
                        338.473388671875,
                        0.22302475571632385,
                        -0.4997245967388153,
                        -0.8369798064231873,
                        -586.8334350585938,
                        -0.9662221670150757,
                        0.0004139244556427002,
                        -0.25771018862724304,
                        -180.68890380859375
                    ],
                    "op": "BO_Add",
                    "position": [
                        338.473388671875,
                        -586.8334350585938,
                        180.68885803222656
                    ],
                    "height": 701.132080078125,
                    "scale": [
                        1,
                        1,
                        1
                    ],
                    "weightScale": [
                        1,
                        1,
                        1
                    ],
                    "proj": "BP_Bend",
                    "mirrored": true,
                    "no_features": false,
                    "pathable": false,
                    "flooded": false,
                    "twinId": 0,
                    "mergeable": false
                },
                {
                    "spec": "/pa/terrain/metal/brushes/metal_structure_09.json",
                    "rotation": 0.7843957543373108,
                    "weight": [
                        0,
                        0,
                        0,
                        0
                    ],
                    "weightHard": false,
                    "transform": [
                        0.707349419593811,
                        -0.0005513429641723633,
                        0.7068638801574707,
                        494.6692810058594,
                        0.7068637609481812,
                        0.0014854073524475098,
                        -0.7073482275009155,
                        -495.00823974609375,
                        -0.000659942626953125,
                        0.9999988079071045,
                        0.0014404058456420898,
                        1.0080081224441528
                    ],
                    "op": "BO_Add",
                    "position": [
                        494.6692810058594,
                        -495.0081787109375,
                        1.008087158203125
                    ],
                    "height": 699.8084106445312,
                    "scale": [
                        1,
                        1,
                        1
                    ],
                    "weightScale": [
                        1,
                        1,
                        1
                    ],
                    "proj": "BP_Bend",
                    "mirrored": false,
                    "no_features": false,
                    "pathable": false,
                    "flooded": false,
                    "twinId": 0,
                    "mergeable": false
                },
                {
                    "spec": "/pa/terrain/metal/brushes/metal_structure_09.json",
                    "rotation": 3.3943943977355957,
                    "weight": [
                        0,
                        0,
                        0,
                        0
                    ],
                    "weightHard": false,
                    "transform": [
                        -0.9655720591545105,
                        -0.00943109393119812,
                        0.2599646747112274,
                        182.1431427001953,
                        -0.25993624329566956,
                        -0.0041435956954956055,
                        -0.9656169414520264,
                        -676.555419921875,
                        0.01018400490283966,
                        -0.9999470114707947,
                        0.0015494823455810547,
                        1.085638165473938
                    ],
                    "op": "BO_Add",
                    "position": [
                        182.14315795898438,
                        -676.5553588867188,
                        1.085662841796875
                    ],
                    "height": 700.645751953125,
                    "scale": [
                        1,
                        1,
                        1
                    ],
                    "weightScale": [
                        1,
                        1,
                        1
                    ],
                    "proj": "BP_Bend",
                    "mirrored": false,
                    "no_features": false,
                    "pathable": false,
                    "flooded": false,
                    "twinId": 0,
                    "mergeable": false
                },
                {
                    "spec": "/pa/terrain/metal/brushes/metal_structure_05.json",
                    "rotation": 0.5243960022926331,
                    "weight": [
                        0,
                        0,
                        0,
                        0
                    ],
                    "weightHard": false,
                    "transform": [
                        0.8656789064407349,
                        -0.4855615496635437,
                        0.12177897244691849,
                        84.94073486328125,
                        0.5005990266799927,
                        0.8392608761787415,
                        -0.21223048865795135,
                        -148.0305938720703,
                        0.0008466392755508423,
                        0.24468588829040527,
                        0.9696020483970642,
                        676.296630859375
                    ],
                    "op": "BO_Add",
                    "position": [
                        84.94074249267578,
                        -148.03060913085938,
                        676.296630859375
                    ],
                    "height": 697.4992065429688,
                    "scale": [
                        1,
                        1,
                        1
                    ],
                    "weightScale": [
                        1,
                        1,
                        1
                    ],
                    "proj": "BP_Bend",
                    "mirrored": false,
                    "no_features": false,
                    "pathable": false,
                    "flooded": false,
                    "twinId": 0,
                    "mergeable": false
                },
                {
                    "spec": "/pa/terrain/metal/brushes/metal_structure_05.json",
                    "rotation": 0.5243960022926331,
                    "weight": [
                        0,
                        0,
                        0,
                        0
                    ],
                    "weightHard": false,
                    "transform": [
                        0.8656789064407349,
                        -0.4855615496635437,
                        0.12177897244691849,
                        84.94073486328125,
                        0.5005990266799927,
                        0.8392608761787415,
                        -0.21223048865795135,
                        -148.0305938720703,
                        -0.0008466392755508423,
                        -0.24468588829040527,
                        -0.9696020483970642,
                        -676.296630859375
                    ],
                    "op": "BO_Add",
                    "position": [
                        84.94074249267578,
                        -148.03060913085938,
                        676.296630859375
                    ],
                    "height": 697.4992065429688,
                    "scale": [
                        1,
                        1,
                        1
                    ],
                    "weightScale": [
                        1,
                        1,
                        1
                    ],
                    "proj": "BP_Bend",
                    "mirrored": true,
                    "no_features": false,
                    "pathable": false,
                    "flooded": false,
                    "twinId": 0,
                    "mergeable": false
                },
                {
                    "spec": "/pa/terrain/metal/brushes/metal_structure_09.json",
                    "rotation": 4.188790321350098,
                    "weight": [
                        0,
                        0,
                        0,
                        0
                    ],
                    "weightHard": false,
                    "transform": [
                        -0.1285797655582428,
                        0.8658663630485535,
                        0.4834694564342499,
                        338.9759521484375,
                        -0.2233426570892334,
                        -0.500275194644928,
                        0.8365660905838013,
                        586.5433349609375,
                        0.9662222266197205,
                        -0.0004138946533203125,
                        0.25771015882492065,
                        180.68885803222656
                    ],
                    "op": "BO_Add",
                    "position": [
                        338.9759521484375,
                        586.5432739257812,
                        180.68885803222656
                    ],
                    "height": 701.132080078125,
                    "scale": [
                        1,
                        1,
                        1
                    ],
                    "weightScale": [
                        1,
                        1,
                        1
                    ],
                    "proj": "BP_Bend",
                    "mirrored": false,
                    "no_features": false,
                    "pathable": false,
                    "flooded": false,
                    "twinId": 0,
                    "mergeable": false
                },
                {
                    "spec": "/pa/terrain/metal/brushes/metal_structure_09.json",
                    "rotation": 4.188790321350098,
                    "weight": [
                        0,
                        0,
                        0,
                        0
                    ],
                    "weightHard": false,
                    "transform": [
                        -0.1285797655582428,
                        0.8658663630485535,
                        0.4834694564342499,
                        338.9759521484375,
                        -0.2233426570892334,
                        -0.500275194644928,
                        0.8365660905838013,
                        586.5433349609375,
                        -0.9662222266197205,
                        0.0004138946533203125,
                        -0.25771015882492065,
                        -180.68885803222656
                    ],
                    "op": "BO_Add",
                    "position": [
                        338.9759521484375,
                        586.5432739257812,
                        180.68885803222656
                    ],
                    "height": 701.132080078125,
                    "scale": [
                        1,
                        1,
                        1
                    ],
                    "weightScale": [
                        1,
                        1,
                        1
                    ],
                    "proj": "BP_Bend",
                    "mirrored": true,
                    "no_features": false,
                    "pathable": false,
                    "flooded": false,
                    "twinId": 0,
                    "mergeable": false
                },
                {
                    "spec": "/pa/terrain/metal/brushes/metal_structure_09.json",
                    "rotation": 2.878790855407715,
                    "weight": [
                        0,
                        0,
                        0,
                        0
                    ],
                    "weightHard": false,
                    "transform": [
                        -0.9658366441726685,
                        -0.0010107308626174927,
                        0.2591494917869568,
                        181.35501098632812,
                        0.2591506540775299,
                        -0.0012202486395835876,
                        0.9658361077308655,
                        675.9002685546875,
                        -0.0006599724292755127,
                        0.9999987483024597,
                        0.0014405249385163188,
                        1.0080915689468384
                    ],
                    "op": "BO_Add",
                    "position": [
                        181.35501098632812,
                        675.9002685546875,
                        1.008087158203125
                    ],
                    "height": 699.8084106445312,
                    "scale": [
                        1,
                        1,
                        1
                    ],
                    "weightScale": [
                        1,
                        1,
                        1
                    ],
                    "proj": "BP_Bend",
                    "mirrored": false,
                    "no_features": false,
                    "pathable": false,
                    "flooded": false,
                    "twinId": 0,
                    "mergeable": false
                },
                {
                    "spec": "/pa/terrain/metal/brushes/metal_structure_09.json",
                    "rotation": 5.4887895584106445,
                    "weight": [
                        0,
                        0,
                        0,
                        0
                    ],
                    "weightHard": false,
                    "transform": [
                        0.707897424697876,
                        0.008303940296173096,
                        0.7062664031982422,
                        494.8425598144531,
                        -0.7062418460845947,
                        -0.006095618009567261,
                        0.7079444527626038,
                        496.0182800292969,
                        0.010183930397033691,
                        -0.9999469518661499,
                        0.0015496015548706055,
                        1.085721731185913
                    ],
                    "op": "BO_Add",
                    "position": [
                        494.8425598144531,
                        496.0182800292969,
                        1.085662841796875
                    ],
                    "height": 700.645751953125,
                    "scale": [
                        1,
                        1,
                        1
                    ],
                    "weightScale": [
                        1,
                        1,
                        1
                    ],
                    "proj": "BP_Bend",
                    "mirrored": false,
                    "no_features": false,
                    "pathable": false,
                    "flooded": false,
                    "twinId": 0,
                    "mergeable": false
                },
                {
                    "spec": "/pa/terrain/metal/brushes/metal_structure_05.json",
                    "rotation": 2.618791103363037,
                    "weight": [
                        0,
                        0,
                        0,
                        0
                    ],
                    "weightHard": false,
                    "transform": [
                        -0.8663709163665771,
                        -0.4840404987335205,
                        0.12290751188993454,
                        85.72789001464844,
                        0.49940037727355957,
                        -0.8401390314102173,
                        0.21157892048358917,
                        147.5761260986328,
                        0.0008466392755508423,
                        0.24468587338924408,
                        0.9696020483970642,
                        676.296630859375
                    ],
                    "op": "BO_Add",
                    "position": [
                        85.72789764404297,
                        147.57614135742188,
                        676.296630859375
                    ],
                    "height": 697.4992065429688,
                    "scale": [
                        1,
                        1,
                        1
                    ],
                    "weightScale": [
                        1,
                        1,
                        1
                    ],
                    "proj": "BP_Bend",
                    "mirrored": false,
                    "no_features": false,
                    "pathable": false,
                    "flooded": false,
                    "twinId": 0,
                    "mergeable": false
                },
                {
                    "spec": "/pa/terrain/metal/brushes/metal_structure_05.json",
                    "rotation": 2.618791103363037,
                    "weight": [
                        0,
                        0,
                        0,
                        0
                    ],
                    "weightHard": false,
                    "transform": [
                        -0.8663709163665771,
                        -0.4840404987335205,
                        0.12290751188993454,
                        85.72789001464844,
                        0.49940037727355957,
                        -0.8401390314102173,
                        0.21157892048358917,
                        147.5761260986328,
                        -0.0008466392755508423,
                        -0.24468587338924408,
                        -0.9696020483970642,
                        -676.296630859375
                    ],
                    "op": "BO_Add",
                    "position": [
                        85.72789764404297,
                        147.57614135742188,
                        676.296630859375
                    ],
                    "height": 697.4992065429688,
                    "scale": [
                        1,
                        1,
                        1
                    ],
                    "weightScale": [
                        1,
                        1,
                        1
                    ],
                    "proj": "BP_Bend",
                    "mirrored": true,
                    "no_features": false,
                    "pathable": false,
                    "flooded": false,
                    "twinId": 0,
                    "mergeable": false
                }
            ],
            "metal_spots": [
                [
                    27.30255126953125,
                    27.706798553466797,
                    696.1817626953125
                ],
                [
                    27.30255126953125,
                    27.706798553466797,
                    -696.1817626953125
                ],
                [
                    26.941619873046875,
                    -27.59636116027832,
                    696.544921875
                ],
                [
                    26.941619873046875,
                    -27.59636116027832,
                    -696.544921875
                ],
                [
                    -29.4379940032959,
                    30.777633666992188,
                    695.70654296875
                ],
                [
                    -29.4379940032959,
                    30.777633666992188,
                    -695.70654296875
                ],
                [
                    -31.04861068725586,
                    -25.89075469970703,
                    696.2999267578125
                ],
                [
                    -31.04861068725586,
                    -25.89075469970703,
                    -696.2999267578125
                ],
                [
                    52.36182403564453,
                    -91.35702514648438,
                    689.8333740234375
                ],
                [
                    52.36182403564453,
                    -91.35702514648438,
                    -689.8333740234375
                ],
                [
                    -103.11018371582031,
                    1.160064697265625,
                    689.2572021484375
                ],
                [
                    -103.11018371582031,
                    1.160064697265625,
                    -689.2572021484375
                ],
                [
                    54.77324676513672,
                    97.43148803710938,
                    689.4400634765625
                ],
                [
                    54.77324676513672,
                    97.43148803710938,
                    -689.4400634765625
                ],
                [
                    -692.0748291015625,
                    -75.42559051513672,
                    80.25517272949219
                ],
                [
                    -692.0748291015625,
                    -75.42559051513672,
                    -80.25517272949219
                ],
                [
                    -685.0550537109375,
                    -122.65528869628906,
                    79.64093017578125
                ],
                [
                    -685.0550537109375,
                    -122.65528869628906,
                    -79.64093017578125
                ],
                [
                    -683.69287109375,
                    -75.13870239257812,
                    133.1368408203125
                ],
                [
                    -683.69287109375,
                    -75.13870239257812,
                    -133.1368408203125
                ],
                [
                    -676.226318359375,
                    -122.91719818115234,
                    132.60665893554688
                ],
                [
                    -676.226318359375,
                    -122.91719818115234,
                    -132.60665893554688
                ],
                [
                    -516.93896484375,
                    -398.549560546875,
                    247.88284301757812
                ],
                [
                    -516.93896484375,
                    -398.549560546875,
                    -247.88284301757812
                ],
                [
                    -481.83782958984375,
                    -440.5511779785156,
                    247.11862182617188
                ],
                [
                    -481.83782958984375,
                    -440.5511779785156,
                    -247.11862182617188
                ],
                [
                    -505.16717529296875,
                    -428.31390380859375,
                    221.02450561523438
                ],
                [
                    -505.16717529296875,
                    -428.31390380859375,
                    -221.02450561523438
                ],
                [
                    -502.7410888671875,
                    -161.66275024414062,
                    455.3077087402344
                ],
                [
                    -502.7410888671875,
                    -161.66275024414062,
                    -455.3077087402344
                ],
                [
                    -487.93023681640625,
                    -201.70333862304688,
                    455.51641845703125
                ],
                [
                    -487.93023681640625,
                    -201.70333862304688,
                    -455.51641845703125
                ],
                [
                    -513.4908447265625,
                    -190.43075561523438,
                    431.91571044921875
                ],
                [
                    -513.4908447265625,
                    -190.43075561523438,
                    -431.91571044921875
                ],
                [
                    -486.96685791015625,
                    202.44692993164062,
                    458.7506103515625
                ],
                [
                    -486.96685791015625,
                    202.44692993164062,
                    -458.7506103515625
                ],
                [
                    -502.562255859375,
                    156.85433959960938,
                    458.4774169921875
                ],
                [
                    -502.562255859375,
                    156.85433959960938,
                    -458.4774169921875
                ],
                [
                    -512.45751953125,
                    187.9014892578125,
                    436.17596435546875
                ],
                [
                    -512.45751953125,
                    187.9014892578125,
                    -436.17596435546875
                ],
                [
                    -513.5755615234375,
                    402.70703125,
                    247.80868530273438
                ],
                [
                    -513.5755615234375,
                    402.70703125,
