{
    "name": "Station Gamma Heta 5v5 NS",
    "description":"5v5 unshared big map with slightly less metal than usual.  Released: April 10th, 2019",
    "version":"1.0",
    "creator":"Grand Homie",
    "players":[2, 10],
    "planets": [
        {
            "name": "Station Gamma Heta 5v5 NS",
            "mass": 35000,
            "position_x": -2000,
            "position_y": -22300,
            "velocity_x": 148.84117126464844,
            "velocity_y": -13.348978042602539,
            "required_thrust_to_move": 0,
            "starting_planet": true,
            "respawn": false,
            "start_destroyed": false,
            "min_spawn_delay": 0,
            "max_spawn_delay": 0,
            "planet": {
                "seed": 926886720,
                "radius": 700,
                "heightRange": 0,
                "waterHeight": 0,
                "waterDepth": 100,
                "temperature": 50,
                "metalDensity": 75,
                "metalClusters": 100,
                "metalSpotLimit": -1,
                "biomeScale": 50,
                "biome": "metal_boss",
                "symmetryType": "terrain and CSG",
                "symmetricalMetal": true,
                "symmetricalStarts": false,
                "numArmies": 2,
                "landingZonesPerArmy": 0,
                "landingZoneSize": 70
            },
            "planetCSG": [
                {
                    "mergeable": false,
                    "no_features": false,
                    "flooded": false,
                    "pathable": false,
                    "twinId": 0,
                    "weight": [
                        0,
                        0,
                        0,
                        0
                    ],
                    "weightHard": false,
                    "scale": [
                        1,
                        1,
                        1
                    ],
                    "weightScale": [
                        1,
                        1,
                        1
                    ],
                    "height": 699.7586059570312,
                    "position": [
                        -0.3979978561401367,
                        -663.025146484375,
                        223.74002075195312
                    ],
                    "proj": "BP_Bend",
                    "mirrored": false,
                    "transform": [
                        0.00038888384005986154,
                        -0.9999997615814209,
                        -0.000568764575291425,
                        -0.3979979157447815,
                        0.31973862648010254,
                        0.00066324882209301,
                        -0.9475057125091553,
                        -663.0252685546875,
                        0.9475058913230896,
                        0.00018661364447325468,
                        0.31973880529403687,
                        223.73997497558594
                    ],
                    "op": "BO_Add",
                    "rotation": 1.569999098777771,
                    "spec": "/pa/terrain/metal/brushes/metal_structure_09.json"
                },
                {
                    "mergeable": false,
                    "no_features": false,
                    "flooded": false,
                    "pathable": false,
                    "twinId": 0,
                    "weight": [
                        0,
                        0,
                        0,
                        0
                    ],
                    "weightHard": false,
                    "scale": [
                        1,
                        1,
                        1
                    ],
                    "weightScale": [
                        1,
                        1,
                        1
                    ],
                    "height": 699.7586059570312,
                    "position": [
                        -0.3979978561401367,
                        -663.025146484375,
                        223.74002075195312
                    ],
                    "proj": "BP_Bend",
                    "mirrored": true,
                    "transform": [
                        0.00038888384005986154,
                        -0.9999997615814209,
                        -0.000568764575291425,
                        -0.3979978859424591,
                        0.31973862648010254,
                        0.00066324882209301,
                        -0.9475057125091553,
                        -663.0252685546875,
                        -0.9475058913230896,
                        -0.00018661364447325468,
                        -0.31973880529403687,
                        -223.73997497558594
                    ],
                    "op": "BO_Add",
                    "rotation": 1.569999098777771,
                    "spec": "/pa/terrain/metal/brushes/metal_structure_09.json"
                },
                {
                    "mergeable": false,
                    "no_features": false,
                    "flooded": false,
                    "pathable": false,
                    "twinId": 0,
                    "weight": [
                        0,
                        0,
                        0,
                        0
                    ],
                    "weightHard": false,
                    "scale": [
                        1,
                        1,
                        1
                    ],
                    "weightScale": [
                        1,
                        1,
                        1
                    ],
                    "height": 699.740966796875,
                    "position": [
                        -411.4607238769531,
                        -565.9822998046875,
                        -1.2267303466796875
                    ],
                    "proj": "BP_Bend",
                    "mirrored": false,
                    "transform": [
                        0.8088463544845581,
                        -0.0012651681900024414,
                        -0.5880186557769775,
                        -411.46075439453125,
                        -0.5880199670791626,
                        -0.001247704029083252,
                        -0.8088454008102417,
                        -565.9822387695312,
                        0.00028970837593078613,
                        0.9999983310699463,
                        -0.001753091812133789,
                        -1.2267102003097534
                    ],
                    "op": "BO_Add",
                    "rotation": -0.6283185482025146,
                    "spec": "/pa/terrain/generic/brushes/unit_cannon_wreckage.json"
                },
                {
                    "mergeable": false,
                    "no_features": false,
                    "flooded": false,
                    "pathable": false,
                    "twinId": 0,
                    "weight": [
                        0,
                        0,
                        0,
                        0
                    ],
                    "weightHard": false,
                    "scale": [
                        1,
                        1,
                        1
                    ],
                    "weightScale": [
                        1,
                        1,
                        1
                    ],
                    "height": 699.740966796875,
                    "position": [
                        -411.4607238769531,
                        -565.9822998046875,
                        -1.2267303466796875
                    ],
                    "proj": "BP_Bend",
                    "mirrored": true,
                    "transform": [
                        0.8088463544845581,
                        -0.0012651681900024414,
                        -0.5880186557769775,
                        -411.46075439453125,
                        -0.5880199670791626,
                        -0.001247704029083252,
                        -0.8088454008102417,
                        -565.9822387695312,
                        -0.00028970837593078613,
                        -0.9999983310699463,
                        0.001753091812133789,
                        1.2267102003097534
                    ],
                    "op": "BO_Add",
                    "rotation": -0.6283185482025146,
                    "spec": "/pa/terrain/generic/brushes/unit_cannon_wreckage.json"
                },
                {
                    "mergeable": false,
                    "no_features": false,
                    "flooded": false,
                    "pathable": false,
                    "twinId": 0,
                    "weight": [
                        0,
                        0,
                        0,
                        0
                    ],
                    "weightHard": false,
                    "scale": [
                        1,
                        1,
                        1
                    ],
                    "weightScale": [
                        1,
                        1,
                        1
                    ],
                    "height": 699.7586059570312,
                    "position": [
                        630.451416015625,
                        -205.26455688476562,
                        223.74002075195312
                    ],
                    "proj": "BP_Bend",
                    "mirrored": false,
                    "transform": [
                        -0.30396929383277893,
                        -0.30964773893356323,
                        0.9009557366371155,
                        630.4515380859375,
                        0.09917457401752472,
                        -0.950851321220398,
                        -0.29333630204200745,
                        -205.2646026611328,
                        0.9475058913230896,
                        0.00018668174743652344,
                        0.31973880529403687,
                        223.73997497558594
                    ],
                    "op": "BO_Add",
                    "rotation": 2.8266360759735107,
                    "spec": "/pa/terrain/metal/brushes/metal_structure_09.json"
                },
                {
                    "mergeable": false,
                    "no_features": false,
                    "flooded": false,
                    "pathable": false,
                    "twinId": 0,
                    "weight": [
                        0,
                        0,
                        0,
                        0
                    ],
                    "weightHard": false,
                    "scale": [
                        1,
                        1,
                        1
                    ],
                    "weightScale": [
                        1,
                        1,
                        1
                    ],
                    "height": 699.7586059570312,
                    "position": [
                        630.451416015625,
                        -205.26455688476562,
                        223.74002075195312
                    ],
                    "proj": "BP_Bend",
                    "mirrored": true,
                    "transform": [
                        -0.30396929383277893,
                        -0.30964773893356323,
                        0.9009557366371155,
                        630.4515380859375,
                        0.09917457401752472,
                        -0.950851321220398,
                        -0.29333630204200745,
                        -205.2646026611328,
                        -0.9475058913230896,
                        -0.00018668174743652344,
                        -0.31973880529403687,
                        -223.73997497558594
                    ],
                    "op": "BO_Add",
                    "rotation": 2.8266360759735107,
                    "spec": "/pa/terrain/metal/brushes/metal_structure_09.json"
                },
                {
                    "mergeable": false,
                    "no_features": false,
                    "flooded": false,
                    "pathable": false,
                    "twinId": 0,
                    "weight": [
                        0,
                        0,
                        0,
                        0
                    ],
                    "weightHard": false,
                    "scale": [
                        1,
                        1,
                        1
                    ],
                    "weightScale": [
                        1,
                        1,
                        1
                    ],
                    "height": 699.740966796875,
                    "position": [
                        411.1328125,
                        -566.2205810546875,
                        -1.2267303466796875
                    ],
                    "proj": "BP_Bend",
                    "mirrored": false,
                    "transform": [
                        0.8091874718666077,
                        0.0007957518100738525,
                        0.5875500440597534,
                        411.1328430175781,
                        0.5875505208969116,
                        -0.0015887916088104248,
                        -0.8091859817504883,
                        -566.2205810546875,
                        0.00028958916664123535,
                        0.9999984502792358,
                        -0.001753091812133789,
                        -1.2267102003097534
                    ],
                    "op": "BO_Add",
                    "rotation": 0.6283184885978699,
                    "spec": "/pa/terrain/generic/brushes/unit_cannon_wreckage.json"
                },
                {
                    "mergeable": false,
                    "no_features": false,
                    "flooded": false,
                    "pathable": false,
                    "twinId": 0,
                    "weight": [
                        0,
                        0,
                        0,
                        0
                    ],
                    "weightHard": false,
                    "scale": [
                        1,
                        1,
                        1
                    ],
                    "weightScale": [
                        1,
                        1,
                        1
                    ],
                    "height": 699.740966796875,
                    "position": [
                        411.1328125,
                        -566.2205810546875,
                        -1.2267303466796875
                    ],
                    "proj": "BP_Bend",
                    "mirrored": true,
                    "transform": [
                        0.8091874718666077,
                        0.0007957518100738525,
                        0.5875500440597534,
                        411.13287353515625,
                        0.5875505208969116,
                        -0.0015887916088104248,
                        -0.8091859817504883,
                        -566.2205810546875,
                        -0.00028958916664123535,
                        -0.9999984502792358,
                        0.001753091812133789,
                        1.226710319519043
                    ],
                    "op": "BO_Add",
                    "rotation": 0.6283184885978699,
                    "spec": "/pa/terrain/generic/brushes/unit_cannon_wreckage.json"
                },
                {
                    "mergeable": false,
                    "no_features": false,
                    "flooded": false,
                    "pathable": false,
                    "twinId": 0,
                    "weight": [
                        0,
                        0,
                        0,
                        0
                    ],
                    "weightHard": false,
                    "scale": [
                        1,
                        1,
                        1
                    ],
                    "weightScale": [
                        1,
                        1,
                        1
                    ],
                    "height": 699.7586059570312,
                    "position": [
                        390.03839111328125,
                        536.1646728515625,
                        223.74002075195312
                    ],
                    "proj": "BP_Bend",
                    "mirrored": false,
                    "transform": [
                        -0.18825212121009827,
                        0.8086270093917847,
                        0.557390034198761,
                        390.0384826660156,
                        -0.2584455907344818,
                        -0.5883216857910156,
                        0.7662138342857361,
                        536.1647338867188,
                        0.9475058317184448,
                        0.0001863539218902588,
                        0.31973886489868164,
                        223.74002075195312
                    ],
                    "op": "BO_Add",
                    "rotation": 4.083273410797119,
                    "spec": "/pa/terrain/metal/brushes/metal_structure_09.json"
                },
                {
                    "mergeable": false,
                    "no_features": false,
                    "flooded": false,
                    "pathable": false,
                    "twinId": 0,
                    "weight": [
                        0,
                        0,
                        0,
                        0
                    ],
                    "weightHard": false,
                    "scale": [
                        1,
                        1,
                        1
                    ],
                    "weightScale": [
                        1,
                        1,
                        1
                    ],
                    "height": 699.7586059570312,
                    "position": [
                        390.03839111328125,
                        536.1646728515625,
                        223.74002075195312
                    ],
                    "proj": "BP_Bend",
                    "mirrored": true,
                    "transform": [
                        -0.18825212121009827,
                        0.8086270093917847,
                        0.557390034198761,
                        390.0384521484375,
                        -0.2584455907344818,
                        -0.5883216857910156,
                        0.7662138342857361,
                        536.1647338867188,
                        -0.9475058317184448,
                        -0.0001863539218902588,
                        -0.31973886489868164,
                        -223.74002075195312
                    ],
                    "op": "BO_Add",
                    "rotation": 4.083273410797119,
                    "spec": "/pa/terrain/metal/brushes/metal_structure_09.json"
                },
                {
                    "mergeable": false,
                    "no_features": false,
                    "flooded": false,
                    "pathable": false,
                    "twinId": 0,
                    "weight": [
                        0,
                        0,
                        0,
                        0
                    ],
                    "weightHard": false,
                    "scale": [
                        1,
                        1,
                        1
                    ],
                    "weightScale": [
                        1,
                        1,
                        1
                    ],
                    "height": 699.740966796875,
                    "position": [
                        665.5547485351562,
                        216.03875732421875,
                        -1.2267303466796875
                    ],
                    "proj": "BP_Bend",
                    "mirrored": false,
                    "transform": [
                        -0.30874103307724,
                        0.001756921410560608,
                        0.9511445164680481,
                        665.5548095703125,
                        0.951146125793457,
                        0.0002658367156982422,
                        0.30874103307724,
                        216.0387420654297,
                        0.00028958916664123535,
                        0.9999984502792358,
                        -0.0017532110214233398,
                        -1.2267935276031494
                    ],
                    "op": "BO_Add",
                    "rotation": 1.8849555253982544,
                    "spec": "/pa/terrain/generic/brushes/unit_cannon_wreckage.json"
                },
                {
                    "mergeable": false,
                    "no_features": false,
                    "flooded": false,
                    "pathable": false,
                    "twinId": 0,
                    "weight": [
                        0,
                        0,
                        0,
                        0
                    ],
                    "weightHard": false,
                    "scale": [
                        1,
                        1,
                        1
                    ],
                    "weightScale": [
                        1,
                        1,
                        1
                    ],
                    "height": 699.740966796875,
                    "position": [
                        665.5547485351562,
                        216.03875732421875,
                        -1.2267303466796875
                    ],
                    "proj": "BP_Bend",
                    "mirrored": true,
                    "transform": [
                        -0.30874103307724,
                        0.001756921410560608,
                        0.9511445164680481,
                        665.5548706054688,
                        0.951146125793457,
                        0.0002658367156982422,
                        0.30874103307724,
                        216.0387420654297,
                        -0.00028958916664123535,
                        -0.9999984502792358,
                        0.0017532110214233398,
                        1.2267935276031494
                    ],
                    "op": "BO_Add",
                    "rotation": 1.8849555253982544,
                    "spec": "/pa/terrain/generic/brushes/unit_cannon_wreckage.json"
                },
                {
                    "mergeable": false,
                    "no_features": false,
                    "flooded": false,
                    "pathable": false,
                    "twinId": 0,
                    "weight": [
                        0,
                        0,
                        0,
                        0
                    ],
                    "weightHard": false,
                    "scale": [
                        1,
                        1,
                        1
                    ],
                    "weightScale": [
                        1,
                        1,
                        1
                    ],
                    "height": 699.7586059570312,
                    "position": [
                        -389.3944091796875,
                        536.632568359375,
                        223.74002075195312
                    ],
                    "proj": "BP_Bend",
                    "mirrored": false,
                    "transform": [
                        0.18762317299842834,
                        0.8094066381454468,
                        -0.556469738483429,
                        -389.3945007324219,
                        -0.258902370929718,
                        0.5872485637664795,
                        0.7668825387954712,
                        536.6326293945312,
                        0.9475058317184448,
                        0.00018641352653503418,
                        0.3197387456893921,
                        223.7399444580078
                    ],
                    "op": "BO_Add",
                    "rotation": 5.339910507202148,
                    "spec": "/pa/terrain/metal/brushes/metal_structure_09.json"
                },
                {
                    "mergeable": false,
                    "no_features": false,
                    "flooded": false,
                    "pathable": false,
                    "twinId": 0,
                    "weight": [
                        0,
                        0,
                        0,
                        0
                    ],
                    "weightHard": false,
                    "scale": [
                        1,
                        1,
                        1
                    ],
                    "weightScale": [
                        1,
                        1,
                        1
                    ],
                    "height": 699.7586059570312,
                    "position": [
                        -389.3944091796875,
                        536.632568359375,
                        223.74002075195312
                    ],
                    "proj": "BP_Bend",
                    "mirrored": true,
                    "transform": [
                        0.18762317299842834,
                        0.8094066381454468,
                        -0.556469738483429,
                        -389.3945007324219,
                        -0.258902370929718,
                        0.5872485637664795,
                        0.7668825387954712,
                        536.6326293945312,
                        -0.9475058317184448,
                        -0.00018641352653503418,
                        -0.3197387456893921,
                        -223.73992919921875
                    ],
                    "op": "BO_Add",
                    "rotation": 5.339910507202148,
                    "spec": "/pa/terrain/metal/brushes/metal_structure_09.json"
                },
                {
                    "mergeable": false,
                    "no_features": false,
                    "flooded": false,
                    "pathable": false,
                    "twinId": 0,
                    "weight": [
                        0,
                        0,
                        0,
                        0
                    ],
                    "weightHard": false,
                    "scale": [
                        1,
                        1,
                        1
                    ],
                    "weightScale": [
                        1,
                        1,
                        1
                    ],
                    "height": 699.740966796875,
                    "position": [
                        0.20266924798488617,
                        699.7398681640625,
                        -1.2267303466796875
                    ],
                    "proj": "BP_Bend",
                    "mirrored": false,
                    "transform": [
                        -0.9999999403953552,
                        0.0002902303240261972,
                        0.0002896346850320697,
                        0.20266924798488617,
                        0.00029014304163865745,
                        0.0017532110214233398,
                        0.9999985098838806,
                        699.7399291992188,
                        0.0002897221129387617,
                        0.9999985098838806,
                        -0.0017533302307128906,
                        -1.226876974105835
                    ],
                    "op": "BO_Add",
                    "rotation": 3.1415927410125732,
                    "spec": "/pa/terrain/generic/brushes/unit_cannon_wreckage.json"
                },
                {
                    "mergeable": false,
                    "no_features": false,
                    "flooded": false,
                    "pathable": false,
                    "twinId": 0,
                    "weight": [
                        0,
                        0,
                        0,
                        0
                    ],
                    "weightHard": false,
                    "scale": [
                        1,
                        1,
                        1
                    ],
                    "weightScale": [
                        1,
                        1,
                        1
                    ],
                    "height": 699.740966796875,
                    "position": [
                        0.20266924798488617,
                        699.7398681640625,
                        -1.2267303466796875
                    ],
                    "proj": "BP_Bend",
                    "mirrored": true,
                    "transform": [
                        -0.9999999403953552,
                        0.0002902303240261972,
                        0.0002896346850320697,
                        0.20266924798488617,
                        0.00029014304163865745,
                        0.0017532110214233398,
                        0.9999985098838806,
                        699.7399291992188,
                        -0.0002897221129387617,
                        -0.9999985098838806,
                        0.0017533302307128906,
                        1.226876974105835
                    ],
                    "op": "BO_Add",
                    "rotation": 3.1415927410125732,
                    "spec": "/pa/terrain/generic/brushes/unit_cannon_wreckage.json"
                },
                {
                    "mergeable": false,
                    "no_features": false,
                    "flooded": false,
                    "pathable": false,
                    "twinId": 0,
                    "weight": [
                        0,
                        0,
                        0,
                        0
                    ],
                    "weightHard": false,
                    "scale": [
                        1,
                        1,
                        1
                    ],
                    "weightScale": [
                        1,
                        1,
                        1
                    ],
                    "height": 699.7586059570312,
                    "position": [
                        -630.6973876953125,
                        -204.5075225830078,
                        223.74002075195312
                    ],
                    "proj": "BP_Bend",
                    "mirrored": false,
                    "transform": [
                        0.30420970916748047,
                        -0.30838605761528015,
                        -0.901307225227356,
                        -630.697509765625,
                        0.09843461215496063,
                        0.9512612819671631,
                        -0.2922544479370117,
                        -204.507568359375,
                        0.9475058913230896,
                        0.0001868605613708496,
                        0.3197387456893921,
                        223.7399444580078
                    ],
                    "op": "BO_Add",
                    "rotation": 6.5965471267700195,
                    "spec": "/pa/terrain/metal/brushes/metal_structure_09.json"
                },
                {
                    "mergeable": false,
                    "no_features": false,
                    "flooded": false,
                    "pathable": false,
                    "twinId": 0,
                    "weight": [
                        0,
                        0,
                        0,
                        0
                    ],
                    "weightHard": false,
                    "scale": [
                        1,
                        1,
                        1
                    ],
                    "weightScale": [
                        1,
                        1,
                        1
                    ],
                    "height": 699.7586059570312,
                    "position": [
                        -630.6973876953125,
                        -204.5075225830078,
                        223.74002075195312
                    ],
                    "proj": "BP_Bend",
                    "mirrored": true,
                    "transform": [
                        0.30420970916748047,
                        -0.30838605761528015,
                        -0.901307225227356,
                        -630.697509765625,
                        0.09843461215496063,
                        0.9512612819671631,
                        -0.2922544479370117,
                        -204.50755310058594,
                        -0.9475058913230896,
                        -0.0001868605613708496,
                        -0.3197387456893921,
                        -223.73992919921875
                    ],
                    "op": "BO_Add",
                    "rotation": 6.5965471267700195,
                    "spec": "/pa/terrain/metal/brushes/metal_structure_09.json"
                },
                {
                    "mergeable": false,
                    "no_features": false,
                    "flooded": false,
                    "pathable": false,
                    "twinId": 0,
                    "weight": [
                        0,
                        0,
                        0,
                        0
                    ],
                    "weightHard": false,
                    "scale": [
                        1,
                        1,
                        1
                    ],
                    "weightScale": [
                        1,
                        1,
                        1
                    ],
                    "height": 699.740966796875,
                    "position": [
                        -665.4295043945312,
                        216.42425537109375,
                        -1.2267303466796875
                    ],
                    "proj": "BP_Bend",
                    "mirrored": false,
                    "transform": [
                        -0.30929291248321533,
                        -0.0015777349472045898,
                        -0.9509655833244324,
                        -665.4295654296875,
                        -0.9509667754173279,
                        0.0008175969123840332,
                        0.3092919886112213,
                        216.4242706298828,
                        0.00028952956199645996,
                        0.9999985098838806,
                        -0.0017532110214233398,
                        -1.2267935276031494
                    ],
                    "op": "BO_Add",
                    "rotation": 4.398229598999023,
                    "spec": "/pa/terrain/generic/brushes/unit_cannon_wreckage.json"
                },
                {
                    "mergeable": false,
                    "no_features": false,
                    "flooded": false,
                    "pathable": false,
                    "twinId": 0,
                    "weight": [
                        0,
                        0,
                        0,
                        0
                    ],
                    "weightHard": false,
                    "scale": [
                        1,
                        1,
                        1
                    ],
                    "weightScale": [
                        1,
                        1,
                        1
                    ],
                    "height": 699.740966796875,
                    "position": [
                        -665.4295043945312,
                        216.42425537109375,
                        -1.2267303466796875
                    ],
                    "proj": "BP_Bend",
                    "mirrored": true,
                    "transform": [
                        -0.30929291248321533,
                        -0.0015777349472045898,
                        -0.9509655833244324,
                        -665.4295654296875,
                        -0.9509667754173279,
                        0.0008175969123840332,
                        0.3092919886112213,
                        216.4242706298828,
                        -0.00028952956199645996,
                        -0.9999985098838806,
                        0.0017532110214233398,
                        1.2267935276031494
                    ],
                    "op": "BO_Add",
                    "rotation": 4.398229598999023,
                    "spec": "/pa/terrain/generic/brushes/unit_cannon_wreckage.json"
                },
                {
                    "mergeable": false,
                    "no_features": false,
                    "flooded": false,
                    "pathable": false,
                    "twinId": 0,
                    "weight": [
                        0,
                        0,
                        0,
                        0
                    ],
                    "weightHard": false,
                    "scale": [
                        1,
                        1,
                        1
                    ],
                    "weightScale": [
                        1,
                        1,
                        1
                    ],
                    "height": 699.77490234375,
                    "position": [
                        144.3145751953125,
                        -287.886474609375,
                        621.2725830078125
                    ],
                    "proj": "BP_Bend",
                    "mirrored": false,
                    "transform": [
                        0.8559132814407349,
                        0.4742170572280884,
                        0.20622998476028442,
                        144.31455993652344,
                        -0.36387622356414795,
                        0.835670530796051,
                        -0.41139867901802063,
                        -287.886474609375,
                        -0.3674325942993164,
                        0.27707940340042114,
                        0.8878177404403687,
                        621.2725830078125
                    ],
                    "op": "BO_Add",
                    "rotation": -0.46000009775161743,
                    "spec": "/pa/terrain/metal/brushes/metal_structure_09.json"
                },
                {
                    "mergeable": false,
                    "no_features": false,
                    "flooded": false,
                    "pathable": false,
                    "twinId": 0,
                    "weight": [
                        0,
                        0,
                        0,
                        0
                    ],
                    "weightHard": false,
                    "scale": [
                        1,
                        1,
                        1
                    ],
                    "weightScale": [
                        1,
                        1,
                        1
                    ],
                    "height": 699.77490234375,
                    "position": [
                        144.3145751953125,
                        -287.886474609375,
                        621.2725830078125
                    ],
                    "proj": "BP_Bend",
                    "mirrored": true,
                    "transform": [
