{
    "name": "The Void 1v1 / 2v2 NS / 2v2 Shared",
    "description":"Map set up for 1v1, 2v2 unshared and 2v2 shared.  Simple moon with few cracks / mountains; the shortest path between the bases doesn't have any metal - expansions are in the back and on the sides.",
    "version":"1.0",
    "creator":"Grand Homie",
    "players":[2, 4],
    "planets": [
        {
            "name": "The Void 1v1 / 2v2 NS / 2v2 Shared",
            "mass": 10000,
            "position_x": -600,
            "position_y": -17800,
            "velocity_x": 167.45770263671875,
            "velocity_y": -5.644634246826172,
            "required_thrust_to_move": 0,
            "starting_planet": true,
            "respawn": false,
            "start_destroyed": false,
            "min_spawn_delay": 0,
            "max_spawn_delay": 0,
            "planet": {
                "seed": 1068903808,
                "radius": 505,
                "heightRange": 0,
                "waterHeight": 0,
                "waterDepth": 0,
                "temperature": 0,
                "metalDensity": 50,
                "metalClusters": 50,
                "metalSpotLimit": -1,
                "biomeScale": 50,
                "biome": "moon",
                "symmetryType": "terrain and CSG",
                "symmetricalMetal": true,
                "symmetricalStarts": false,
                "numArmies": 2,
                "landingZonesPerArmy": 0,
                "landingZoneSize": 82
            },
            "planetCSG": [
                {
                    "no_features": false,
                    "mergeable": true,
                    "pathable": true,
                    "flooded": false,
                    "twinId": 0,
                    "scale": [
                        1,
                        1,
                        1
                    ],
                    "weightScale": [
                        1,
                        1,
                        1
                    ],
                    "weight": [
                        0,
                        0,
                        0,
                        0
                    ],
                    "weightHard": false,
                    "height": 504.2953186035156,
                    "position": [
                        0.33963775634765625,
                        -392.1568603515625,
                        317.05938720703125
                    ],
                    "mirrored": false,
                    "proj": "BP_Bend",
                    "transform": [
                        0.9999997019767761,
                        0.00032155861845239997,
                        0.0006734898779541254,
                        0.33963778614997864,
                        0.00032155861845239997,
                        0.6287178993225098,
                        -0.7776334285736084,
                        -392.1568908691406,
                        -0.0006734898779541254,
                        0.7776334285736084,
                        0.6287176609039307,
                        317.05938720703125
                    ],
                    "op": "BO_Subtract",
                    "rotation": 0,
                    "spec": "/pa/terrain/moon/brushes/moon_crater_02.json"
                },
                {
                    "no_features": false,
                    "mergeable": true,
                    "pathable": true,
                    "flooded": false,
                    "twinId": 0,
                    "scale": [
                        1,
                        1,
                        1
                    ],
                    "weightScale": [
                        1,
                        1,
                        1
                    ],
                    "weight": [
                        0,
                        0,
                        0,
                        0
                    ],
                    "weightHard": false,
                    "height": 504.2953186035156,
                    "position": [
                        0.33963775634765625,
                        -392.1568603515625,
                        317.05938720703125
                    ],
                    "mirrored": true,
                    "proj": "BP_Bend",
                    "transform": [
                        0.9999997019767761,
                        0.00032155861845239997,
                        0.0006734898779541254,
                        0.339637815952301,
                        0.00032155861845239997,
                        0.6287178993225098,
                        -0.7776334285736084,
                        -392.15692138671875,
                        0.0006734898779541254,
                        -0.7776334285736084,
                        -0.6287176609039307,
                        -317.05938720703125
                    ],
                    "op": "BO_Subtract",
                    "rotation": 0,
                    "spec": "/pa/terrain/moon/brushes/moon_crater_02.json"
                },
                {
                    "no_features": false,
                    "mergeable": true,
                    "pathable": true,
                    "flooded": false,
                    "twinId": 0,
                    "scale": [
                        1,
                        1,
                        1
                    ],
                    "weightScale": [
                        1,
                        1,
                        1
                    ],
                    "weight": [
                        0,
                        0,
                        0,
                        0
                    ],
                    "weightHard": false,
                    "height": 505.4335632324219,
                    "position": [
                        193.03082275390625,
                        -426.889404296875,
                        189.65133666992188
                    ],
                    "mirrored": false,
                    "proj": "BP_Bend",
                    "transform": [
                        0.8939400911331177,
                        0.23455248773097992,
                        0.38191136717796326,
                        193.03082275390625,
                        0.23455248773097992,
                        0.48128509521484375,
                        -0.8446003794670105,
                        -426.8893737792969,
                        -0.38191136717796326,
                        0.8446003794670105,
                        0.3752251863479614,
                        189.65139770507812
                    ],
                    "op": "BO_Subtract",
                    "rotation": 0,
                    "spec": "/pa/terrain/moon/brushes/moon_crater_02.json"
                },
                {
                    "no_features": false,
                    "mergeable": true,
                    "pathable": true,
                    "flooded": false,
                    "twinId": 0,
                    "scale": [
                        1,
                        1,
                        1
                    ],
                    "weightScale": [
                        1,
                        1,
                        1
                    ],
                    "weight": [
                        0,
                        0,
                        0,
                        0
                    ],
                    "weightHard": false,
                    "height": 505.4335632324219,
                    "position": [
                        193.03082275390625,
                        -426.889404296875,
                        189.65133666992188
                    ],
                    "mirrored": true,
                    "proj": "BP_Bend",
                    "transform": [
                        0.8939400911331177,
                        0.23455248773097992,
                        0.38191136717796326,
                        193.03082275390625,
                        0.23455248773097992,
                        0.48128509521484375,
                        -0.8446003794670105,
                        -426.88934326171875,
                        0.38191136717796326,
                        -0.8446003794670105,
                        -0.3752251863479614,
                        -189.65138244628906
                    ],
                    "op": "BO_Subtract",
                    "rotation": 0,
                    "spec": "/pa/terrain/moon/brushes/moon_crater_02.json"
                },
                {
                    "no_features": false,
                    "mergeable": true,
                    "pathable": true,
                    "flooded": false,
                    "twinId": 0,
                    "scale": [
                        1,
                        1,
                        1
                    ],
                    "weightScale": [
                        1,
                        1,
                        1
                    ],
                    "weight": [
                        0,
                        0,
                        0,
                        0
                    ],
                    "weightHard": false,
                    "height": 504.6855163574219,
                    "position": [
                        311.1971435546875,
                        -397.32073974609375,
                        -0.20522308349609375
                    ],
                    "mirrored": false,
                    "proj": "BP_Bend",
                    "transform": [
                        0.6196300983428955,
                        0.48563700914382935,
                        0.6166159510612488,
                        311.1971435546875,
                        0.48563700914382935,
                        0.3799632787704468,
                        -0.7872639894485474,
                        -397.32073974609375,
                        -0.6166159510612488,
                        0.7872639894485474,
                        -0.00040662288665771484,
                        -0.2052166759967804
                    ],
                    "op": "BO_Subtract",
                    "rotation": 0,
                    "spec": "/pa/terrain/moon/brushes/moon_crater_02.json"
                },
                {
                    "no_features": false,
                    "mergeable": true,
                    "pathable": true,
                    "flooded": false,
                    "twinId": 0,
                    "scale": [
                        1,
                        1,
                        1
                    ],
                    "weightScale": [
                        1,
                        1,
                        1
                    ],
                    "weight": [
                        0,
                        0,
                        0,
                        0
                    ],
                    "weightHard": false,
                    "height": 505.4335632324219,
                    "position": [
                        -193.03082275390625,
                        -426.889404296875,
                        -189.65133666992188
                    ],
                    "mirrored": true,
                    "proj": "BP_Bend",
                    "transform": [
                        0.7665458917617798,
                        -0.5162858963012695,
                        -0.38191136717796326,
                        -193.03082275390625,
                        -0.5162858963012695,
                        -0.14177095890045166,
                        -0.8446004390716553,
                        -426.8893737792969,
                        -0.38191136717796326,
                        -0.8446004390716553,
                        0.3752250671386719,
                        189.6513214111328
                    ],
                    "op": "BO_Subtract",
                    "rotation": 0,
                    "spec": "/pa/terrain/moon/brushes/moon_crater_02.json"
                },
                {
                    "no_features": false,
                    "mergeable": true,
                    "pathable": true,
                    "flooded": false,
                    "twinId": 0,
                    "scale": [
                        1,
                        1,
                        1
                    ],
                    "weightScale": [
                        1,
                        1,
                        1
                    ],
                    "weight": [
                        0,
                        0,
                        0,
                        0
                    ],
                    "weightHard": false,
                    "height": 505.4335632324219,
                    "position": [
                        -193.03082275390625,
                        -426.889404296875,
                        -189.65133666992188
                    ],
                    "mirrored": false,
                    "proj": "BP_Bend",
                    "transform": [
                        0.7665458917617798,
                        -0.5162858963012695,
                        -0.38191136717796326,
                        -193.03082275390625,
                        -0.5162858963012695,
                        -0.14177095890045166,
                        -0.8446004390716553,
                        -426.889404296875,
                        0.38191136717796326,
                        0.8446004390716553,
                        -0.3752250671386719,
                        -189.65133666992188
                    ],
                    "op": "BO_Subtract",
                    "rotation": 0,
                    "spec": "/pa/terrain/moon/brushes/moon_crater_02.json"
                },
                {
                    "no_features": false,
                    "mergeable": true,
                    "pathable": true,
                    "flooded": false,
                    "twinId": 0,
                    "scale": [
                        1,
                        1,
                        1
                    ],
                    "weightScale": [
                        1,
                        1,
                        1
                    ],
                    "weight": [
                        0,
                        0,
                        0,
                        0
                    ],
                    "weightHard": false,
                    "height": 504.6855163574219,
                    "position": [
                        -311.1971435546875,
                        -397.32073974609375,
                        0.20522308349609375
                    ],
                    "mirrored": true,
                    "proj": "BP_Bend",
                    "transform": [
                        0.6199393272399902,
                        -0.48524221777915955,
                        -0.6166159510612488,
                        -311.1971435546875,
                        -0.48524221777915955,
                        0.38046735525131226,
                        -0.7872639894485474,
                        -397.32073974609375,
                        -0.6166159510612488,
                        -0.7872639894485474,
                        -0.00040662288665771484,
                        -0.2052166610956192
                    ],
                    "op": "BO_Subtract",
                    "rotation": 0,
                    "spec": "/pa/terrain/moon/brushes/moon_crater_02.json"
                },
                {
                    "no_features": true,
                    "mergeable": false,
                    "pathable": false,
                    "flooded": false,
                    "twinId": 0,
                    "scale": [
                        1,
                        1,
                        1
                    ],
                    "weightScale": [
                        1,
                        1,
                        1
                    ],
                    "weight": [
                        0,
                        0,
                        0,
                        0
                    ],
                    "weightHard": false,
                    "height": 507.3652038574219,
                    "position": [
                        393.543701171875,
                        60.573974609375,
                        314.44171142578125
                    ],
                    "mirrored": false,
                    "proj": "BP_Bend",
                    "transform": [
                        0.6285542249679565,
                        -0.057172682136297226,
                        0.7756615877151489,
                        393.543701171875,
                        -0.057172682136297226,
                        0.9912000298500061,
                        0.11938930302858353,
                        60.573978424072266,
                        -0.7756615877151489,
                        -0.11938930302858353,
                        0.6197541952133179,
                        314.44171142578125
                    ],
                    "op": "BO_Add",
                    "rotation": 0,
                    "spec": "/pa/terrain/mountain/brushes/mountain_henge.json"
                },
                {
                    "no_features": true,
                    "mergeable": false,
                    "pathable": false,
                    "flooded": false,
                    "twinId": 0,
                    "scale": [
                        1,
                        1,
                        1
                    ],
                    "weightScale": [
                        1,
                        1,
                        1
                    ],
                    "weight": [
                        0,
                        0,
                        0,
                        0
                    ],
                    "weightHard": false,
                    "height": 507.3652038574219,
                    "position": [
                        393.543701171875,
                        60.573974609375,
                        314.44171142578125
                    ],
                    "mirrored": true,
                    "proj": "BP_Bend",
                    "transform": [
                        0.6285542249679565,
                        -0.057172682136297226,
                        0.7756615877151489,
                        393.543701171875,
                        -0.057172682136297226,
                        0.9912000298500061,
                        0.11938930302858353,
                        60.573978424072266,
                        0.7756615877151489,
                        0.11938930302858353,
                        -0.6197541952133179,
                        -314.44171142578125
                    ],
                    "op": "BO_Add",
                    "rotation": 0,
                    "spec": "/pa/terrain/mountain/brushes/mountain_henge.json"
                },
                {
                    "no_features": false,
                    "mergeable": false,
                    "pathable": false,
                    "flooded": false,
                    "twinId": 0,
                    "scale": [
                        1,
                        1,
                        1
                    ],
                    "weightScale": [
                        1,
                        1,
                        1
                    ],
                    "weight": [
                        0,
                        0,
                        0,
                        0
                    ],
                    "weightHard": false,
                    "height": 506.80389404296875,
                    "position": [
                        387.3251953125,
                        280.4810791015625,
                        167.80865478515625
                    ],
                    "mirrored": false,
                    "proj": "BP_Bend",
                    "transform": [
                        0.5612095594406128,
                        -0.317749559879303,
                        0.764250636100769,
                        387.3251953125,
                        -0.317749559879303,
                        0.7699019908905029,
                        0.5534312129020691,
                        280.4810791015625,
                        -0.764250636100769,
                        -0.5534312129020691,
                        0.3311116099357605,
                        167.80865478515625
                    ],
                    "op": "BO_Add",
                    "rotation": 0,
                    "spec": "/pa/terrain/mountain/brushes/mountain_plateau_04.json"
                },
                {
                    "no_features": false,
                    "mergeable": false,
                    "pathable": false,
                    "flooded": false,
                    "twinId": 0,
                    "scale": [
                        1,
                        1,
                        1
                    ],
                    "weightScale": [
                        1,
                        1,
                        1
                    ],
                    "weight": [
                        0,
                        0,
                        0,
                        0
                    ],
                    "weightHard": false,
                    "height": 506.80389404296875,
                    "position": [
                        387.3251953125,
                        280.4810791015625,
                        167.80865478515625
                    ],
                    "mirrored": true,
                    "proj": "BP_Bend",
                    "transform": [
                        0.5612095594406128,
                        -0.317749559879303,
                        0.764250636100769,
                        387.3251953125,
                        -0.317749559879303,
                        0.7699019908905029,
                        0.5534312129020691,
                        280.4810791015625,
                        0.764250636100769,
                        0.5534312129020691,
                        -0.3311116099357605,
                        -167.80865478515625
                    ],
                    "op": "BO_Add",
                    "rotation": 0,
                    "spec": "/pa/terrain/mountain/brushes/mountain_plateau_04.json"
                },
                {
                    "no_features": false,
                    "mergeable": false,
                    "pathable": false,
                    "flooded": false,
                    "twinId": 0,
                    "scale": [
                        1,
                        1,
                        1
                    ],
                    "weightScale": [
                        1,
                        1,
                        1
                    ],
                    "weight": [
                        0,
                        0,
                        0,
                        0
                    ],
                    "weightHard": false,
                    "height": 506.3117980957031,
                    "position": [
                        155.9498291015625,
                        249.411376953125,
                        412.09857177734375
                    ],
                    "mirrored": false,
                    "proj": "BP_Bend",
                    "transform": [
                        0.9476984143257141,
                        -0.08364623039960861,
                        0.3080114424228668,
                        155.9498291015625,
                        -0.08364623039960861,
                        0.8662241697311401,
                        0.4926043152809143,
                        249.411376953125,
                        -0.3080114424228668,
                        -0.4926043152809143,
                        0.8139225244522095,
                        412.09857177734375
                    ],
                    "op": "BO_Add",
                    "rotation": 0,
                    "spec": "/pa/terrain/mountain/brushes/mountain_plateau_04.json"
                },
                {
                    "no_features": false,
                    "mergeable": false,
                    "pathable": false,
                    "flooded": false,
                    "twinId": 0,
                    "scale": [
                        1,
                        1,
                        1
                    ],
                    "weightScale": [
                        1,
                        1,
                        1
                    ],
                    "weight": [
                        0,
                        0,
                        0,
                        0
                    ],
                    "weightHard": false,
                    "height": 506.3117980957031,
                    "position": [
                        155.9498291015625,
                        249.411376953125,
                        412.09857177734375
                    ],
                    "mirrored": true,
                    "proj": "BP_Bend",
                    "transform": [
                        0.9476984143257141,
                        -0.08364623039960861,
                        0.3080114424228668,
                        155.94984436035156,
                        -0.08364623039960861,
                        0.8662241697311401,
                        0.4926043152809143,
                        249.41139221191406,
                        0.3080114424228668,
                        0.4926043152809143,
                        -0.8139225244522095,
                        -412.0986022949219
                    ],
                    "op": "BO_Add",
                    "rotation": 0,
                    "spec": "/pa/terrain/mountain/brushes/mountain_plateau_04.json"
                },
                {
                    "no_features": true,
                    "mergeable": false,
                    "pathable": false,
                    "flooded": false,
                    "twinId": 0,
                    "scale": [
                        1,
                        1,
                        1
                    ],
                    "weightScale": [
                        1,
                        1,
                        1
                    ],
                    "weight": [
                        0,
                        0,
                        0,
                        0
                    ],
                    "weightHard": false,
                    "height": 507.3652038574219,
                    "position": [
                        -393.543701171875,
                        60.573974609375,
                        -314.44171142578125
                    ],
                    "mirrored": true,
                    "proj": "BP_Bend",
                    "transform": [
                        -0.582268476486206,
                        0.2435416579246521,
                        -0.7756616473197937,
                        -393.54376220703125,
                        0.2435416579246521,
                        0.9625142216682434,
                        0.11938929557800293,
                        60.573978424072266,
                        -0.7756616473197937,
                        0.11938929557800293,
                        0.6197541952133179,
                        314.4417419433594
                    ],
                    "op": "BO_Add",
                    "rotation": 0,
                    "spec": "/pa/terrain/mountain/brushes/mountain_henge.json"
                },
                {
                    "no_features": true,
                    "mergeable": false,
                    "pathable": false,
                    "flooded": false,
                    "twinId": 0,
                    "scale": [
                        1,
                        1,
                        1
                    ],
                    "weightScale": [
                        1,
                        1,
                        1
                    ],
                    "weight": [
                        0,
                        0,
                        0,
                        0
                    ],
                    "weightHard": false,
                    "height": 507.3652038574219,
                    "position": [
                        -393.543701171875,
                        60.573974609375,
                        -314.44171142578125
                    ],
                    "mirrored": false,
                    "proj": "BP_Bend",
                    "transform": [
                        -0.582268476486206,
                        0.2435416579246521,
                        -0.7756616473197937,
                        -393.5437316894531,
                        0.2435416579246521,
                        0.9625142216682434,
                        0.11938929557800293,
                        60.573974609375,
                        0.7756616473197937,
                        -0.11938929557800293,
                        -0.6197541952133179,
                        -314.44171142578125
                    ],
                    "op": "BO_Add",
                    "rotation": 0,
                    "spec": "/pa/terrain/mountain/brushes/mountain_henge.json"
                },
                {
                    "no_features": false,
                    "mergeable": false,
                    "pathable": false,
                    "flooded": false,
                    "twinId": 0,
                    "scale": [
                        1,
                        1,
                        1
                    ],
                    "weightScale": [
                        1,
                        1,
                        1
                    ],
                    "weight": [
                        0,
                        0,
                        0,
                        0
                    ],
                    "weightHard": false,
                    "height": 506.80389404296875,
                    "position": [
                        -387.3251953125,
                        280.4810791015625,
                        -167.80865478515625
                    ],
                    "mirrored": true,
                    "proj": "BP_Bend",
                    "transform": [
                        0.12679153680801392,
                        0.6323328614234924,
                        -0.764250636100769,
                        -387.3251953125,
                        0.6323328614234924,
                        0.5420968532562256,
                        0.5534312129020691,
                        280.4810791015625,
                        -0.764250636100769,
                        0.5534312129020691,
                        0.3311115503311157,
                        167.80862426757812
                    ],
                    "op": "BO_Add",
                    "rotation": 0,
                    "spec": "/pa/terrain/mountain/brushes/mountain_plateau_04.json"
                },
                {
                    "no_features": false,
                    "mergeable": false,
                    "pathable": false,
                    "flooded": false,
                    "twinId": 0,
                    "scale": [
                        1,
                        1,
                        1
                    ],
                    "weightScale": [
                        1,
                        1,
                        1
                    ],
                    "weight": [
                        0,
                        0,
                        0,
                        0
                    ],
                    "weightHard": false,
                    "height": 506.80389404296875,
                    "position": [
                        -387.3251953125,
                        280.4810791015625,
                        -167.80865478515625
                    ],
                    "mirrored": false,
                    "proj": "BP_Bend",
                    "transform": [
                        0.12679153680801392,
                        0.6323328614234924,
                        -0.764250636100769,
                        -387.3251953125,
                        0.6323328614234924,
                        0.5420968532562256,
                        0.5534312129020691,
                        280.4810791015625,
                        0.764250636100769,
                        -0.5534312129020691,
                        -0.3311115503311157,
                        -167.80862426757812
                    ],
                    "op": "BO_Add",
                    "rotation": 0,
                    "spec": "/pa/terrain/mountain/brushes/mountain_plateau_04.json"
                },
                {
                    "no_features": false,
                    "mergeable": false,
                    "pathable": false,
                    "flooded": false,
                    "twinId": 0,
                    "scale": [
                        1,
                        1,
                        1
                    ],
                    "weightScale": [
                        1,
                        1,
                        1
                    ],
                    "weight": [
                        0,
                        0,
                        0,
                        0
                    ],
                    "weightHard": false,
                    "height": 506.3117980957031,
                    "position": [
                        -155.9498291015625,
                        249.411376953125,
                        -412.09857177734375
                    ],
                    "mirrored": true,
                    "proj": "BP_Bend",
                    "transform": [
                        0.4901527166366577,
                        0.8154013156890869,
                        -0.3080114424228668,
                        -155.94981384277344,
                        0.8154013156890869,
                        -0.30407559871673584,
                        0.4926042854785919,
                        249.41134643554688,
                        -0.3080114424228668,
                        0.4926042854785919,
                        0.8139228820800781,
                        412.0987243652344
                    ],
                    "op": "BO_Add",
                    "rotation": 0,
                    "spec": "/pa/terrain/mountain/brushes/mountain_plateau_04.json"
                },
                {
                    "no_features": false,
                    "mergeable": false,
                    "pathable": false,
                    "flooded": false,
                    "twinId": 0,
                    "scale": [
                        1,
                        1,
                        1
                    ],
                    "weightScale": [
                        1,
                        1,
                        1
                    ],
                    "weight": [
                        0,
                        0,
                        0,
                        0
                    ],
                    "weightHard": false,
                    "height": 506.3117980957031,
                    "position": [
                        -155.9498291015625,
                        249.411376953125,
                        -412.09857177734375
                    ],
                    "mirrored": false,
                    "proj": "BP_Bend",
                    "transform": [
                        0.4901527166366577,
                        0.8154013156890869,
                        -0.3080114424228668,
                        -155.9498291015625,
                        0.8154013156890869,
                        -0.30407559871673584,
                        0.4926042854785919,
                        249.41136169433594,
                        0.3080114424228668,
                        -0.4926042854785919,
                        -0.8139228820800781,
                        -412.0987548828125
                    ],
                    "op": "BO_Add",
                    "rotation": 0,
                    "spec": "/pa/terrain/mountain/brushes/mountain_plateau_04.json"
                },
                {
                    "no_features": true,
                    "mergeable": false,
                    "pathable": false,
                    "flooded": false,
                    "twinId": 0,
                    "scale": [
                        0.31000012159347534,
                        0.31000012159347534,
                        0.31000012159347534
                    ],
                    "weightScale": [
                        1,
                        1,
                        1
                    ],
                    "weight": [
                        0,
                        0,
                        0,
                        0
                    ],
                    "weightHard": false,
                    "height": 504.18212890625,
                    "position": [
                        -0.61285400390625,
                        430.303955078125,
                        262.7503662109375
                    ],
                    "mirrored": false,
                    "proj": "BP_Bend",
                    "transform": [
                        -0.015035515651106834,
                        -0.30963507294654846,
                        -0.00037681779940612614,
                        -0.6128539443016052,
                        0.1613484025001526,
                        -0.008156871423125267,
                        0.2645755708217621,
                        430.303955078125,
                        -0.2642739415168762,
                        0.012636225670576096,
                        0.1615540087223053,
                        262.7503662109375
                    ],
                    "op": "BO_Subtract",
                    "rotation": 1.6199990510940552,
                    "spec": "/pa/terrain/lava/brushes/lava_crack_01.json"
                },
                {
                    "no_features": true,
                    "mergeable": false,
                    "pathable": false,
                    "flooded": false,
                    "twinId": 0,
                    "scale": [
                        0.31000012159347534,
                        0.31000012159347534,
                        0.31000012159347534
                    ],
                    "weightScale": [
                        1,
                        1,
                        1
                    ],
                    "weight": [
                        0,
                        0,
                        0,
                        0
                    ],
                    "weightHard": false,
                    "height": 504.18212890625,
                    "position": [
                        -0.61285400390625,
                        430.303955078125,
                        262.7503662109375
                    ],
                    "mirrored": true,
                    "proj": "BP_Bend",
                    "transform": [
                        -0.015035515651106834,
                        -0.30963507294654846,
                        -0.00037681779940612614,
                        -0.6128539443016052,
                        0.1613484025001526,
                        -0.008156871423125267,
                        0.2645755708217621,
